-0.928066538957366  -0.624373594375842  0.135320766257157
-0.919580879150214  -6.234009643738719  2.254024449116814
2.139723064663904  2.588176508237592  -0.215126181761666
-2.598504693840404  2.220919740344938  -0.769853363047887
-0.717725718292147  -6.228439984560827  1.306166835009937
-2.347139061559370  -2.691287351932142  0.057610212354947
-2.786186425408498  -0.676192579766765  0.292180173935187
-2.611525440036439  2.129449092027170  1.266229788645023
-2.639002675508928  -0.046505087300747  -0.079457462911286
2.305217767409431  2.444399916222187  0.144219997354161
-8.762263636495980  2.581554948439053  0.114107782084575
2.326299729162902  -7.460610007135498  0.494381711470948
-2.615203383058747  3.242993316695041  0.002308899390010
3.023496670561518  2.591086987424823  0.052806621534531
3.799791750307406  -6.229573380222489  -0.037375897264696
3.606797375270161  2.055794685260403  0.072658658005981
2.314625346198886  -3.050567221605891  0.106485061686585
-2.648905638786814  -0.689149823950674  0.054356796694818
2.702352283325148  2.580435280237646  -0.201913746769675
-2.105870375315361  -6.322229138448448  -0.078879314827556
-1.666667829342035  -1.840087674768036  -0.029758198576715
10.071266794294750  -0.799316393691888  0.111755645979489
2.299061623819948  -0.696795628032574  0.182148673161399
-2.564510494983904  -6.582327317640142  0.004831602039499
-2.440524477234649  2.894280277121166  -0.190500464401148
4.371027740986580  2.495912080788138  -1.736512693748509
10.605563651234569  -6.151951078270940  -0.607747712610646
3.197504173620962  2.582068435391739  -2.700112234184371
2.209980262171091  7.216405569465573  -0.043647395149815
2.414201465733970  3.862956369952392  0.474924600370380
-2.611538747267360  2.610194072272196  -3.744012371217075
-3.620531754235055  3.308024551384753  0.541989568669021
-2.617228878389151  -6.486799293031428  -0.741300918471950
2.329733775745701  2.561523228853875  0.937167915946476
-2.118562024525384  3.371167035504559  0.430493799844733
6.155253554930280  4.392587703625565  -0.084469232617741
4.601806826903474  2.755705712072001  0.046768055301045
-3.074523619612523  -6.279659066249241  0.163138877241985
2.321184585545826  1.611719966114119  -0.007736377222308
1.339801836375467  0.732647042224034  0.062494214098798
1.149566775192270  3.180490506479476  -1.349289925405937
2.312777900164928  2.223861758060004  0.007723217069114
-2.527069896063745  7.856483545014050  0.242064072720813
2.311753747595769  2.641315560604298  -0.555502735696352
5.072121582700123  -0.682736551715825  0.049096507314171
-2.572614927867707  2.586625093560031  0.582931760508976
-2.607170489773224  1.914794853826171  -0.102100662205273
5.458433154476966  -6.230355294626866  0.310994256038958
-2.528409645795080  -0.616193204670850  -0.657670052541600
3.089315372474763  2.593999905164701  -0.012254345979158
2.314268991704254  2.403769268212880  0.099191223059743
2.279114783730035  -6.234934549608316  0.186254152147531
-2.540266958402704  2.516194495717395  0.116330674105403
-2.506771079291690  4.761414499319829  0.396032835140881
-2.760960426404734  -0.709203708385629  0.676625899188342
-3.918332906122638  2.693861102933196  1.878234163862923
-2.588886486520854  -6.532575893097378  1.525340447469144
2.311337615859752  -6.227493758730849  0.052564191611031
2.312432608583631  -0.702159879011297  0.083361222327559
2.313418217811903  -0.704011007917657  0.037255064198441
2.291290251507163  2.310466756653438  0.073671882260960
2.287518396803918  2.506278371101582  -0.163980511325409
-2.734647818058255  2.601267122995594  -0.327226239604327
-12.871398906903622  2.496433029877569  0.534417768684295
-1.976708925819803  3.201385706889105  -0.027458440333029
-2.286530191702707  5.498530699421965  0.211396957749435
-2.610422548469219  2.914081055400896  0.682187984904120
2.301554794311052  2.159333413560576  0.141413293317412
2.314188705303941  -6.507211462640828  0.448668755217281
-1.549044485724093  -0.663074285462594  1.024918212828037
4.875772478734898  2.503788989166823  -1.630464619475731
2.243684503929940  2.613217107999875  -3.137852508483218
-2.768022023736339  -0.048403998866210  -0.404298398889791
-4.577224637295798  3.723281692718608  0.057152307279147
-2.566427665061689  0.916174737598435  0.065760587206886
2.358292126530233  -0.709155879562140  0.009566777321242
-4.554447955084910  -1.132441263653354  -0.180162802372258
2.326770397236526  2.492918566867525  0.455843091215885
-2.122919543882937  3.239262686655439  0.223985652333500
2.304274742596927  -6.132146699190335  2.091692758835551
2.313712073295079  -0.729545022966360  0.001051452566823
2.316281749649681  3.312314389824924  0.065531864260215
0.296694090152067  2.951471263382190  0.145209571852716
-4.223362594737356  -0.697748852777494  -0.025964389204546
2.315627659331644  2.164575614269143  -0.153144951282695
2.308550408490391  -1.329401293371643  8.902942299124669
-3.799056494034609  2.157366301853814  1.021178349808554
2.184548339097332  -0.713617480696163  0.078973704500159
4.619982081665949  -6.480526728181000  0.018466771769920
0.772199991724427  -6.325128530668810  0.371238913636414
-1.955507876665049  -6.112720696897816  0.491369810999735
2.299826330947529  -3.653059235485741  0.035651503175525
2.303718209907653  1.432817444835794  -0.018167119154371
3.397930781303895  -0.851334752594335  0.137494450624497
-1.957024695901142  3.036304202381396  0.392046866451452
0.014698730286998  -0.677701457580763  -0.023025258873255
2.300389027946986  3.394309432194015  0.089990663672825
-1.116749276645341  2.648031185353083  -3.646209242237227
-1.795501502191742  -0.655986632123267  0.036500549207662
2.312661107117623  3.487656475800582  0.103469046235690
-2.580376494107059  2.574907413111487  -0.381707485146786
2.327656078380559  3.078101175843576  0.074113201225980
2.139953935466434  -0.497368229143969  -1.045081457259903
2.299124660474488  1.339590753587994  0.057291890026551
2.304485600837396  -8.121664719886056  0.017244522594571
2.309454161021510  2.118008313804478  0.092214498259972
3.976791761792507  2.509937257910501  0.284015919682291
-0.143775796885033  2.860755650285788  0.109192169524343
-2.610812120388799  -6.222013973157641  -1.929332624858434
-2.505154170995673  -6.238661756273468  -0.125698304738823
-1.664320671262786  -6.223663450738695  0.081807900599036
-2.563669147871421  0.402128881397218  -1.516333739745257
1.089138237514530  2.374108455767310  1.952301760940723
1.412980507813832  2.592369587583431  -3.517272306385767
-12.329805217777279  2.551049800435980  0.084630351056470
-2.561873133010048  -0.923070759190485  -1.088009635184956
-2.584015877085331  2.219275311562311  0.027635813145131
2.313193295931876  2.336342292104808  0.200696673091988
5.434437968807258  -0.705408147605793  0.763878428779759
1.792035198924859  3.363879047985213  0.011379432082400
-2.464050712430863  2.504111238215283  0.269471772205925
3.727836525379949  -0.486089662954446  0.064284089191125
-2.604126829963091  2.592908113739114  -2.509278103277330
2.260359183300213  -0.696017996397430  -1.799466844051169
2.286643177749035  -0.704986465701772  0.159854815264163
-2.566129715877896  -0.607868240007975  -0.004926317399282
4.553458821757419  -1.712231194783581  0.685668537891145
2.315933608925695  1.972259675584362  0.026700444616720
2.329205364781743  2.591741747895663  0.092157179898384
2.324233572990223  -0.695120743237913  0.049188892608294
-2.966510318894727  -3.934245044396681  0.189476819115606
2.301420400612277  2.598881508211535  0.181289830007102
-4.246204730401241  -0.691491747425492  0.073318334756843
2.305970322861126  8.336717263560828  -0.424296620520915
1.396890380798982  -5.997033612303491  0.167853895403294
2.326495279451124  -0.415939195985139  -1.522872930289218
1.640890078156394  2.490137196714017  2.042783444427104
5.026683985354501  2.686735246107739  0.089182917128271
-2.610259588528768  -0.666667649232625  0.102745696773903
-2.623260117100263  2.594589565677935  -5.362196247459718
-2.610777963223903  2.584171470481178  -0.140043183642682
-0.911406058406257  2.912285411834100  -1.731782025129120
0.874640142529057  -0.689925780347601  -0.736757659228933
-2.597528162995805  -0.631391711808379  -2.104957279697484
-3.242494270326441  2.450499536568323  0.122002426362576
-2.616887228588188  -0.714029492348900  2.744416199127121
-0.333124321687972  -7.540762317609182  -0.208853301028517
-4.977368375302362  1.533715417099352  0.090695194347577
-2.610378961777099  -0.708574148901387  1.267816645824739
-2.782276964379516  2.340813476416030  -0.775872260054747
-2.611364161357108  2.878562928155317  3.088338356857258
-2.558999059262619  0.941102805775149  -0.157561549224643
-1.825828733259052  2.623593397639673  0.549429633573756
2.187784987174342  -0.704130105898654  -0.375148888907698
-2.597211581594842  2.591931466686232  -0.438892041392590
2.310583446623538  -0.688429775295395  1.302825262386274
-3.230316807765809  -0.741120406351953  0.449830338475341
-2.107071525051300  3.366690722087250  -0.785673303337423
-2.613186187094627  1.497493793955134  -0.000167483570093
3.930185693088587  -6.227576288254554  1.102586978817344
-2.743264199568348  -0.697005032737752  -2.466749831878641
2.319616490251307  -0.697892126695662  0.100387744584045
2.336847603783553  -0.706514966594511  -0.140140451729445
-2.609276462729318  -1.039345356047497  -0.349441857394541
2.323482810340307  -0.685054810374648  -0.520956704828750
-2.637761713430955  2.729360173313687  -0.199353406089422
-14.361519806908030  -5.727528413057908  0.397505114635702
2.367771981089961  -6.220781731076585  -0.123116131797134
2.313140525358254  -0.871739763708491  0.018445694887451
6.573861422032761  -6.235817499222533  2.312676153523078
-1.971280754915600  2.462265678595736  0.091267782095964
1.692915311053677  -6.259226390996441  0.018084599513486
2.316136657872392  2.625397004379499  0.224573462687766
2.317975627219247  2.150269411814611  -0.127406388202112
2.312943281879278  -0.842419447285288  -0.218801016645117
-2.655911175510098  -6.243385647727613  0.398677920596909
-2.518668665601903  3.395699964257560  -0.290448126734888
-2.013588722921079  1.556742640802461  -0.063018760068605
2.316643210928989  2.591964995907357  0.097998094563750
2.301649517103035  -0.754691619828528  1.526473607704625
2.303798539849503  2.766823862137914  0.117362670482749
2.624388456753183  3.717749702173295  -0.222481966676880
2.334943338448606  -0.664786936188136  -0.208943953019322
-5.037515129569784  2.591618828892795  0.033800583532344
2.314859357751637  -0.698578166013542  -0.164215250255170
2.927666761418628  2.561730434461168  -0.015039776888984
2.295037183217439  1.815784640412783  -0.436462930080201
-0.528639384454310  0.541894987608576  0.088203418997104
-4.206332606387993  -0.673084026395196  -0.083586128641439
2.308546145494707  -0.681915245171441  -0.837211385609446
2.291127671708507  2.397426082734480  0.587828609863868
-2.580558347358200  -0.615504472451924  0.210301528035547
1.336109563321398  -0.636799307510181  -0.019768377687851
2.313109651719371  2.016259826759843  2.011155390012386
2.313616578719939  2.585025413635595  0.275231374379701
-1.971615857444097  3.320653494890215  -0.064634991235645
-2.614651690428583  1.641224756989859  0.084393174346794
4.550658663655088  -6.251093567054269  -0.074280420925439
3.931345502371903  0.224231559590023  0.027597715609596
-2.597368678137954  -7.163250185572508  0.036437793416851
-0.644576869835419  2.619985145080209  -0.018156146196147
-2.604770661121040  2.732364033105049  0.052383678679168
-1.951576031951471  2.889713586890369  0.030216269171803
2.944544654417936  2.579640202643792  0.064010885939119
-3.850089036053429  2.326222417770189  -4.449739868087050
-2.617683110919378  4.338271316579263  0.005033331774856
-1.995234586807277  -3.713259606442995  1.857970747897574
2.314357766538265  3.052825073709879  0.255839514122376
-2.992723261045407  -0.699016956254635  1.744302827054629
-1.411387423790963  2.561090650203950  0.371611769072454
-4.680470583062312  2.696767627224124  0.292516277042507
-2.763307577422386  2.383499487403528  0.422773168867750
-2.595085500158205  3.861069115359949  -0.095058412323843
2.304460681533208  2.427176411942765  0.085773209536889
-2.642443235225736  10.288754760188132  -0.045092233595804
2.325857796339587  -2.269163012974480  1.291302307826714
-0.846873829833927  2.628257073291882  0.082652760000781
-2.629613352487440  2.577458126702670  1.585657752609447
-2.610465624910657  -0.710319262380167  0.499403154472355
-3.629465753712765  2.786483255869957  -0.537858396731226
3.800169639665658  1.874829912827073  0.085896777115769
2.777685397362575  4.685002049080445  -0.051788608075886
-2.563118331866022  1.319874168556711  0.124670225892334
-2.876435659434510  2.666884607503918  0.081950799414656
-2.467165889855598  -6.139088590817521  -0.513116393125716
-3.926609290267565  3.772544671164816  -2.290897429763226
2.320107153238879  -6.226128855055873  0.915141059898773
-1.974347388408020  1.971347272493754  0.107348553033529
3.808331907214035  -6.206892653183878  1.456470977179288
-0.453625521541897  8.681373794551167  -0.337652164776604
-2.527568732581430  2.452042947854894  0.095561051177532
-1.976409533092031  2.210831483142503  1.018410969432218
-2.552037974810907  -6.243502784150464  -0.096330722194403
2.326051630272219  -8.708324328118605  -0.179510649706169
-2.334450732647674  2.411178616294750  0.044337502151244
2.301340890596897  1.796043609124525  1.481808144891028
2.322514082577264  -6.509831136594850  -2.202069317422600
-2.635822949855557  2.438979343260463  -0.225494080034120
-0.176680017095222  8.085835820763853  0.071417108583495
2.314041251087952  -1.381611338729208  0.258587260700115
2.314657434097333  -6.235742169933271  0.037083759800008
-2.638872042128678  -0.704468503930293  -0.304193667923189
1.046460000401760  2.588483594513795  -0.188190329490096
-2.587597790294846  2.445575122116716  0.143307958570527
-2.609069068297174  -0.502057525302051  -0.660613122420173
-3.228381648108993  -0.548756589963680  0.517676548205930
2.312120983064468  2.580775726820621  -1.058403412844650
2.308278596326401  7.392289813906735  1.567550137981858
-8.115857749142394  2.827337095585852  0.280572495997618
6.594720113445250  -0.675354023907826  0.809052733411697
-2.047217078032282  -1.331125249233408  0.910292750136298
2.332057776894519  -6.244717888212897  0.496745577666160
2.329230573259004  2.366651462536261  -1.086440045168833
-5.886689505067091  -0.709549441400386  0.366685645772824
2.304406027212744  1.760256197702116  0.068747220610345
-2.325621987199344  -6.230624504742828  -3.339616192975691
2.252512237415691  -6.226176549492822  0.077482909962182
2.294433793298535  2.472551128592820  -0.223948127332877
-9.951595281074709  -6.227221310772231  1.505403432677763
-2.533483456991429  -0.712079624254430  1.940855568003818
-1.969419490196631  2.460274864193890  -0.046362552723538
-3.245489615742350  7.376480469370349  0.036191847686480
2.320449252085211  -5.728043614679523  3.957657576112616
-2.609472666378739  2.783059306444480  1.701255982659484
3.027136948111092  2.647020957508929  0.104005134374032
-10.442214881983960  2.481085353511021  0.539223265568513
2.289095773364050  2.654341852096671  0.288403123812408
3.720364022016620  -6.169890307246138  1.183613148711646
1.499275463377699  2.295773024703568  0.075736735546704
-1.450309137647691  4.014919371400310  0.088661916501489
2.316265280273452  7.396577788241244  -0.041377270214946
1.953230554826103  -0.895329524405829  0.077475900768446
-2.617284401042354  2.360557776561488  0.079135966077629
-1.318337972727343  -8.460858552488332  -0.084815664726216
0.772011151516961  -1.962978887355424  1.911924280828998
2.311010542808729  2.591573985655021  -0.030479714512241
2.310329963964950  2.068093638991901  0.095784236962711
2.299776923391950  2.561558863382417  -1.803147749434032
2.313445209695018  -0.682259907119750  0.101093185459859
-2.276419276765001  2.853999661151672  0.871197284912111
-3.873336097561614  -0.215861785706175  -0.132467562680740
3.562046932664652  2.588568910671677  0.103916340934061
1.677089421502719  3.143218914181273  0.131485321598667
2.324080040873741  -0.779234087602228  4.725869177046508
-4.039003723207268  2.523589106021331  1.288275094246515
-2.536903781101770  2.584899629967203  8.819782517446155
1.652630792067408  -7.591860113955093  0.840070077762840
-2.734773296931989  2.592771489354402  -0.397079578435011
2.312082376448401  -3.069498482449353  0.095715135721557
2.322649257936147  -6.293930521839827  0.986667299925165
2.309357876141220  -3.827023411861692  -0.103266981854726
2.320273606866623  2.636602183684743  0.056719173471971
-2.379673141214017  2.589388607030360  -0.153512901891881
2.314932705448284  3.484981810078702  0.770550245930404
-2.817915385609382  2.669015827088420  1.206366279641069
3.993012273028185  -12.343407315954959  0.561180176935634
1.954186322249342  2.689834634567987  0.751716406895867
-2.706880411701598  -6.210918688232893  -1.056830110808089
-1.237519551986296  -1.567753053608461  0.949377014142898
-3.360969625192085  2.588153875296696  -1.858315300276856
-1.514809554882212  2.250279934109587  0.085780151124364
-1.209021794524224  2.693736579199542  -0.025361066304400
-2.073515088663695  -0.712358787417600  0.883925404477938
-2.626424244328112  2.713892219107604  -0.037317676634962
2.326875877722776  2.498781285493051  0.754853452485098
-2.616089260670502  2.582979218435057  0.117757266385513
4.345116038544932  -6.231287414253988  -0.674744987325391
-2.620616694236146  0.965613136706301  -0.229478254904198
2.322566540319123  2.579342455712909  -0.695145761146104
-2.591566691348494  3.797249259550787  0.062034315602069
-2.605145245323833  -0.693124469432560  0.069242722434724
2.424842164782565  -2.817223195722122  -2.611286666613430
2.333097701808420  -6.232477608240393  -3.580240765753590
-2.631840696234329  0.064993492111807  0.174045867353342
2.309303334340604  -0.614142757988636  0.116182825602025
2.358436724080095  2.587590786049621  0.900702926525230
1.297187197320088  1.769006051935725  0.060704226861287
2.312730056450227  2.652606794228596  -0.359350838761311
2.329097723091480  5.170977913155324  0.002023736219686
-2.480016614077370  2.431877074941235  -0.202732180101621
2.309257902829779  -1.745188286651600  0.056111439879321
12.041119508477109  4.019544743558094  0.651303038983653
2.313625264955451  -0.665651651166211  2.904187267097360
-2.612725015122132  -1.028327781906414  0.164117034708622
2.294438005728193  1.693799042595764  -0.041598839936464
4.619943507693170  -16.065579778307242  -0.591091590410924
-4.124552373853138  -0.511915436611286  0.117631918594539
2.547559393782793  0.882519110562054  0.243811658882688
1.881136452130227  -6.245410217029498  1.757176864403278
2.074343145354485  2.679981228205774  0.142233077810888
2.302825916653912  -4.179282726157192  0.258692267389905
-10.502038197107613  -6.148557215873965  -1.355646928626364
-1.733332648339893  -0.987360930430110  0.144740198301557
-3.735370696771547  0.594599409076535  0.034244020193971
2.247633496945780  -6.224202884170617  -0.703015010024528
-2.334070417262005  -7.385707674049789  1.942340062947049
-1.975461301092152  -0.703654878437332  0.393464009821088
-2.913421253125701  -6.262211140255880  4.400435643461749
-2.610450263029105  3.304310097844626  -0.911206990747464
-2.623835787827175  -0.751223104339949  0.048536126901419
-2.442964291889346  -6.220143234656765  -1.059354058886433
-2.738250471156624  -0.699101583750232  0.041762744524594
2.303918793016840  -0.528264403884298  0.162936241521937
2.320903898973455  2.621967073526479  -0.287455215159149
2.387058706222113  -5.990043730766953  0.251090661423299
-1.964292344659168  2.106051877537197  0.038661477606722
-1.974019466761889  -7.226040494613304  1.782871732036395
2.292756506542491  1.329266638344238  -0.500424381472717
-2.396412230008287  -2.681535696604600  0.063537535492707
2.541035811945847  4.350025506347166  0.107758318711645
-2.621209671209976  2.592173293040165  0.401480406969374
-2.979366277125525  2.609760219848601  0.180776150104338
-4.409618584823223  2.738769910190235  0.098886369031704
2.320173791671138  2.549470199795409  0.198008720219795
-2.611602207135646  2.579219125374881  -7.719082742903832
-2.620167487878812  -1.486211106509326  0.020352128205664
2.332502665007132  6.519138967347309  -1.098803870618166
2.288874790479893  -2.078338754608156  0.201859416636246
-1.527705893355822  3.021950093306992  0.433155537786333
2.092656571130039  2.367546351413424  0.430597910009834
-2.747892852074449  -1.932222753003999  0.097565952277311
-1.563230660137442  2.592098887422430  1.895078703172990
-2.261761107731251  3.309171262251225  0.035827118966994
-2.597627615069102  -0.691165622214619  -0.601248754145254
5.201509691500343  -0.983849732931764  4.434876731245081
4.450220899137972  4.852782636116620  0.543579515339901
-1.952739550148185  -4.312550912105588  1.467009204912363
-2.932550777210907  -6.564432785821550  -1.143645424660453
2.310934745985910  2.592629550942596  0.132425540294190
-2.897517680886706  3.380331123629559  1.700473696324162
-2.295367543327973  2.168210609530417  0.016254337743098
-1.970108177581871  -2.045336529420983  0.098689097254744
2.314519466147208  -0.699216130974460  -0.085770074144007
11.311898815972420  -0.708807681880313  0.116246937941121
-1.828239589725585  2.532858235273566  -2.617135650618021
2.320987242385691  -0.748180018193846  0.350332076616783
-2.634643893239849  -5.960291630731347  -0.981610362535373
-2.776069641737543  2.360500092665486  0.029847026913393
2.309688634126659  4.626931318820816  0.127536742434502
-4.873075940733685  -6.220382094597534  2.146061719871831
1.172921463403007  2.585204056248813  0.857358203444876
2.313665636134911  2.796235281598459  0.104307506211480
-1.951783515881022  2.606277380047522  -1.372465410839808
-2.595522361135540  -6.218286029479625  0.987357024890008
-3.511915208543955  -0.695676154422357  0.465597023740891
-2.674422559934725  4.371771553907108  -1.222868948377224
2.312933525041072  3.324470706764982  1.194766207889095
5.970351364162595  -1.923922680973373  0.409725383850546
-3.419468357563244  0.980899085885921  1.299043384106341
5.177257198153203  -6.241757330137330  -0.169916941500963
2.313569550376502  6.679444613385638  0.091914929950115
-4.808201448727354  -0.709019323546641  0.833347140976725
0.078184527028396  -6.361334206096177  0.508831654907831
-2.615251498659740  -5.938594664802123  2.152597274446128
-2.055293773824556  -0.679680887989806  0.164173858539403
5.161378827390122  -0.713987668362847  0.453836433394819
-2.614243822374296  -0.315851916394226  -1.716600269178667
-16.916460854242874  -0.597990197410370  0.040827603371319
6.034233385724381  -6.141386123500967  0.005502472739207
2.321058423731992  -0.697553321059974  -0.037669084766935
-2.616328202392159  2.570682269402208  0.027347373221412
-2.626021619889298  -0.690199635936157  0.064767879919204
-2.546038419781955  -0.695329798261569  2.523402184166223
-2.597684037511604  -0.586233474272453  0.269433796775436
2.469844319540791  -0.702454742251319  -0.192087264222420
2.606317277031339  -3.282759297497832  -0.811485700598114
-2.222127572807261  -6.173495370972928  -0.049157665130213
2.311386881022614  4.045864837479448  0.955632167100264
14.164623038167925  2.396827001751258  -0.277647552244650
6.414169682871166  2.618989879196568  -3.522375434490222
-0.045842886986164  -0.866913174697935  0.436895908055251
-3.916681320698629  3.818352860311513  -0.441943834115450
2.312628617049649  2.072446141537313  0.379642683743144
2.264387144505347  2.658754559284652  -1.069559884590165
-4.538768457548959  -6.192904656810779  0.437973916684238
2.320219885945890  3.472452753533231  0.085725787225251
-1.923309657928799  -6.232969314945910  0.111036211493260
-0.637579014808398  -0.854102181854057  -1.433004826100661
2.448148943192771  2.213602684963551  -2.180857883639391
2.324230404518171  -1.145340230393512  -0.119677842147901
2.287949283905158  2.588165813490852  0.434584659017880
2.312563393844927  1.906021310983333  1.160511872783325
-2.616055079877879  3.435519633970793  0.068829338578877
-2.905584633420552  -7.497468769712435  -1.372698281068094
-2.412368653171431  -0.240852865223778  -4.150778314500752
2.309602276378750  -7.212701111278017  1.628754116863246
3.645790003478082  2.513917557530748  0.085518462334752
2.316672719367070  -0.705000779429390  0.466144003403143
-2.577863487983818  2.682391661678460  0.292490540149598
2.320044770723274  2.604606070215063  -0.075750807567424
2.365655865186072  8.440117556899724  4.131229536010229
2.331822695549263  2.579468726908501  1.113060476467892
1.596825536822990  -0.698715429092824  0.311205462698867
2.325313866954073  -6.218081071038108  0.062250354135272
8.334126334291300  -6.348663369530283  0.425693750377982
-2.810163536121613  -1.085836836089437  -0.822125862159325
-0.985737538354138  1.218871341792119  -0.093935915042025
2.315061626348491  2.592295106019680  0.641310697298833
-5.450176143560343  1.559445112112667  0.122136427288034
-1.639130167226391  -1.188017359812315  -0.184420153941530
1.770599781813606  3.216580447364976  -0.678515403405959
-2.601045460765813  -0.288276992823415  2.154401229265558
2.830692353476572  2.594427812678436  0.051725376758309
-2.615382669793831  -0.689564710354996  -0.241918857564159
-2.433667494006521  2.832834664124091  -0.024954233384138
2.079956734659156  2.536469615456039  0.591777524423628
-0.989314253786603  2.589174962018514  0.057682756814278
2.306118323448352  2.926411202063911  0.101502844176164
0.859216364810778  2.516943495364360  1.283253969342653
0.956256219157744  2.593258642654261  0.124977419516336
2.307364254555407  3.166337472406860  0.139373125834356
-1.045908268439656  3.260178899721534  1.995914822781701
-2.446799149666057  9.499069674393061  0.967518007772048
-4.275545427049397  -0.680219844042934  0.616122861995957
-2.636351547736546  4.350853862159879  -2.218808276992002
-2.410705760932077  -2.634858502463191  -0.141565291089170
1.788147861615396  -0.709402768265194  1.277601907314023
2.317165856486054  -0.857489055731185  1.287179357445912
2.312783342870426  -6.233701645738103  0.364792137661325
2.173895180130519  -0.287804690026910  0.153096212285967
2.318828935330720  1.480063077644381  -0.538400025960232
3.047064078092415  -0.698389341830802  -0.042150495744444
0.573218998205246  2.599126996608703  0.406784507804373
-2.613110059652717  4.598051889986049  0.113633305463614
-2.592903179460781  3.271175931105569  0.256172890082392
-2.581605413254086  3.473035975717155  0.062261158996715
-4.336916996297744  -0.697215994125171  0.043704948054523
2.303224751468230  2.598020645384096  -0.151458587799533
-1.453169375060570  2.702626502586059  0.613730207278978
0.572752784858716  -0.712470108282716  -1.016207356885332
-2.612822608434390  -0.745791307538503  0.781180774840167
9.875036945503357  2.469534462845907  0.078484253786876
-2.620128921280185  -0.844167813589490  0.068297792353713
2.314933531771970  -0.685825372833583  -1.497650345477485
2.425398623670496  -6.223462659827838  0.124661745678256
-0.229177129587788  -6.116450417536027  -1.428876564239466
2.781374145779616  -0.653860747967281  0.220417971339574
2.736458944677933  -0.695552578379804  1.259381333142315
-2.697649359616205  0.858239926480347  -1.353682001278594
-2.887311816326491  3.265747587261709  2.673156908686785
4.041423537470821  2.585677732506213  0.137935701502206
-2.536091160051947  -0.706670779349545  0.153359721930523
2.316121098070343  3.379116731337348  0.071598779987945
-0.146877302643916  -6.197492948730233  0.073067612309133
2.328287099289220  2.491178507349927  -2.002486889194328
1.857689060936430  -0.819594041084159  0.094491388631690
-2.995551805393977  -6.278211815820470  0.526338848479249
2.315966014748049  -0.748015381404314  0.259047536924850
2.318338488596810  -6.082964807958843  0.069540752101651
-2.342551596424509  2.565955894460088  -0.030296637567755
2.757512321511689  2.591389242733190  0.117670262660581
2.325983977454909  1.762441561492686  -0.022190938721713
-0.401477284413513  4.792656318118167  -1.323490763875410
2.308376958222033  2.058094370192710  0.149812303402468
2.324066414606582  2.589520707644272  -0.395446045676320
-2.584338430315086  2.552877613515467  0.169718179485536
1.990046963243810  -0.580419609696599  0.078876968605325
-2.586303921235444  2.586934869711491  1.084824977746512
2.316361673276580  3.309576408002341  0.085131347105078
-2.467189909069921  2.638134925498006  -2.212963848232137
2.295512747108292  -8.364775155729850  0.034467959405657
-2.579823211669223  -0.783472162166146  0.151428928417384
2.310708397312437  2.516511000530850  -0.054743366771791
-2.642684256475879  -0.724373231319560  6.532730649154902
2.330165356417383  2.480421538928130  -0.148124524445574
-1.785632206673316  1.723930827165903  -0.933374503173131
-4.368823824975635  2.397426517533569  -0.004460720287725
-13.838453942136093  3.963337394717717  0.104886944121951
-2.600542686569164  2.955540259833658  0.786680864471115
2.302278163980451  -6.791468025130038  -0.645186050198776
2.259182484924460  -6.119123112897156  -1.060536698729599
2.310745248090330  2.558070653770218  0.092099879549720
-0.352344324564450  2.728003828190418  -2.335818319092590
2.326994091891258  2.591411737199990  0.003007846983308
2.305013460920729  -0.707347995895932  0.528441318453324
3.744771824584531  -0.483380627514646  2.198504837045978
2.372714218002428  2.418304889818904  -1.460915837670653
-2.635332095616471  -6.200598572411771  0.345826097106880
2.325106953811417  -0.807485322299403  -0.034290825297284
2.314890187964423  4.666222816384145  -0.020304732858500
2.386232478620137  1.779807545610508  0.317817563205516
2.320610275225000  3.063421540068747  -0.215017723863252
5.436412717887174  1.997336252883406  0.065567275311975
2.307993461015775  4.465328333808955  -0.021199229412315
3.265183720609437  2.220352805239704  1.531097705962029
2.328374691410873  -5.872076439279049  -0.007071713895129
-2.613953521107216  2.598563367228037  0.516569067667303
-2.301788491430160  2.049182811290000  -1.088500991098588
1.148938375067548  3.864328989824240  -0.701706176729620
2.320608145491525  -0.539457379534574  0.009853100715001
3.497652778616567  2.625116153168440  1.529232656451798
2.315915703861070  2.620555662444682  0.281826442356430
-2.113214842667682  -0.870222370080203  0.176675918491219
-3.061286370419120  -0.709841402128164  0.685521554172816
2.318903807509331  -6.511978183610204  0.068082229609479
-2.588517161532570  -0.706154359040723  1.706261510331834
-2.614073489423821  13.155764997280658  0.026802289809243
-1.857038753177724  3.427510855968042  0.150440418070133
2.289349838926722  2.590108745700256  0.039788286840940
-2.669840930760079  -0.563816466262056  -2.065772479624711
2.332159940422358  2.592977482452015  -1.535382628080054
-2.559892060974673  2.512316781407363  -0.229477442396849
0.761517503252088  -0.606109050403854  1.596397758694373
3.284875875180789  2.856430804519539  -1.276709006930854
-2.617784295134597  2.613315138048730  0.242648754523330
-2.435274318641757  4.490388009619334  0.689108676709130
2.319077538367511  3.310224170088592  -3.318999528498437
-2.620322025052879  2.593209287635699  0.086122657018942
2.313677195483273  2.292008881887953  -1.018320244110282
-2.632695906431943  2.591605942258887  -0.089814391773597
2.302595736646316  -0.703098061969746  0.121553161773009
-2.644277339143193  -0.657264975884327  0.078935038384912
1.370237956362636  2.626477485331916  0.035991912744745
2.439202020845301  -6.228183743144526  0.386125916664213
0.016332546228336  2.591945213153696  -0.632800972071089
-12.605859856621198  3.809869221642322  0.154982671890401
3.477658536267107  0.770275761804179  -2.906032235827607
-2.616598638247129  2.536814627502763  -1.113725055778414
2.310133102495587  -6.157599328891821  0.123982594444259
-6.038281479531296  1.279157294328061  -2.460108546506292
-1.017057801517013  2.604272383523376  0.069746127914767
-2.862433940408654  -0.970552706168257  -0.115480992624571
5.293689523833200  -1.277153196315885  0.075342700167065
-1.965997864050220  2.507858280588623  -3.116880412691301
2.302009168805307  -0.550549062346518  -0.418553332446957
-1.926314374147545  -2.351119299114933  0.019773296433596
-4.399707576608072  -0.711250342706503  0.112656327346660
-3.180252483556639  7.594705436456379  3.687876774128084
-1.977037259678386  2.495710412575837  -0.365290512859187
-2.642220778646908  -0.699009065726868  0.712495516271820
-1.204605533930390  -7.908778169252052  1.465881878838453
2.313710121441026  -0.698338325909369  0.084713671542752
0.855649173580001  -0.125207967343823  0.378826433881674
2.312518431046238  3.007898942883387  3.976369483986832
0.217581052800671  -0.698379678270854  0.159302051654156
-2.544854624650562  -0.769540583801939  1.780693181951485
-3.133289397142669  -6.223153209960778  0.012884479012221
-20.207340463087245  -7.028073036183625  0.071287384240918
-9.008055178144206  11.270508049513737  0.966146223398594
-7.224147199871659  -1.309126970498697  0.587706263040771
-2.724088019124276  1.814171939147357  3.595213632637736
1.853844566464552  -6.238517171737943  0.210459891300690
0.347306506578765  -6.664562545122768  0.138852064800831
-11.662812255659130  1.054030502893146  0.333835633939776
-1.973054175280923  3.314908117994622  0.422339844404833
-2.613802402623414  2.365659035483549  0.375965793030289
-1.964543867775057  2.635240569941452  0.492006670379337
-2.215549963525790  0.940335774971829  1.586358605683563
2.312510478858163  -6.273019617669633  -0.282110742904799
2.171019206722939  -3.505562539477226  0.086555843711574
-11.528184084514026  2.507599922372782  0.160787096988507
2.306094011616482  2.602643976181181  -0.100582092631573
-2.608480472337502  8.398946776872867  0.267180268903745
-2.359696241847289  2.591562614522939  2.924784899652018
2.295302209806004  -0.608611289765166  0.129185226794696
11.205395088805709  9.357790524323740  -0.071733513275325
0.956644610835084  -6.226442256517815  0.778775728011129
2.320141703731384  -0.396754360273865  0.394251478647653
-1.118461512788834  -4.336191452789303  -0.483252846139852
2.376536510601911  -0.487353077982096  0.683862559902605
-1.995002833600092  2.626427034262680  -0.006904653498571
2.328020948637511  2.591011413571561  -0.649974238985207
2.404462265799427  2.691054164203812  0.024300630024960
2.313622263120876  -0.698030287041037  0.389615952430948
2.243150822045848  -6.064601882475367  1.988374004081911
2.312591110670644  4.710129736805261  1.153501905490740
2.324338113327400  2.639716415331180  -0.580165820222438
-14.611405261949821  -6.232137371048544  -1.059709692263187
-2.345453478292292  -0.710167567761358  -2.130738466623874
4.111280593411330  -6.225173994449977  0.569547023932460
-0.859674326996165  2.762328255337489  0.042511531389691
2.398527445010404  -0.546538740079898  0.137007098601980
2.312609517696609  2.545149783273664  0.816614628020259
2.315116931832861  -6.194986240827659  0.051697292267513
2.312031215279869  -9.452845630671030  0.141758981984114
-1.247667334577049  2.590177984921387  0.571303215935337
3.577098499856213  1.356306511253673  4.105097962548879
2.316525692064799  3.001061180844246  2.352410133424881
-1.983491006464019  1.464166482215578  0.252332329462369
2.304979030111474  2.587188749191021  -1.944990922572227
2.310457043949116  4.331625344502191  -2.370880440389437
9.395578985116359  2.046667630177931  -0.209780233166872
-2.594758950542004  3.038755247167214  -1.039763804062765
2.300936137149100  -0.865371122576247  -1.779919907186837
-2.628003092570917  -0.756145879575783  3.117982791119879
1.463691789706177  0.711616684904597  0.021876953850834
2.307631181125515  -0.706742555007194  0.169739725587339
-2.447027545895871  -0.609592509139119  0.139377265548504
-2.612423501903459  -0.709429139120673  -0.183930355939416
-2.779595118064289  2.588711957519601  0.100555748409970
4.067692572618861  -6.251238020756761  0.158049714890816
-2.609923578863312  2.710020106778034  -0.011627149285563
-4.893060448450452  0.648850142375022  0.005849851620659
0.627318882490257  2.069533322649225  0.065687354130401
-0.975384912704529  -6.082831488276961  0.408091857564583
2.316738027994210  2.375102145264826  -0.820891329941459
-1.995599155301706  2.184660262121384  -3.041532468231476
-2.746084675714718  2.662875810553091  0.055719126143027
-2.607243660178636  -6.233751317605901  -0.090800471723953
2.322344365516996  2.591232940076954  -0.041787004574498
-2.872496360406799  2.811424710731097  0.064275261677167
2.301038843884160  -6.225415698696619  0.194793757690230
-2.754236799526001  0.414876331015336  -2.838416358534526
2.313181887489187  8.944530864194745  0.776162057898030
-2.606999588274185  -0.748579067214450  -1.135937680770015
2.299153388062287  2.473121147107709  -0.614053022784809
2.318583154055898  4.333924164187360  0.843421481015064
2.322630227915373  4.191582656468639  -0.672082511075512
2.289887022499407  -6.179992256972680  0.427154745329600
-2.618288859323464  -6.172608961398773  0.088671504908697
2.313822857471476  1.304070228193818  0.838807982498978
4.135742604296970  -0.850009196115908  0.293171803291543
2.060518180726241  2.618246804269089  1.643750396112340
3.359429738027883  2.811430099531158  1.560784544204795
1.251713842753665  2.992941260746909  1.669006437766386
-1.973094191643156  2.556630089021294  3.423150199473341
-2.616348350940069  -0.709154523419225  0.034406665797578
-0.491651907024589  -0.476625852976361  -0.064084519690603
2.308735134706093  2.945496380068581  -4.780239406293834
-2.617034407318787  -6.230015578902214  -0.946968177275743
1.775164612176705  -0.674073035231951  -1.689227728981033
-2.608647913173336  -6.222480163403599  0.039615046231189
-1.969504471245604  3.704653527944821  -0.572301704855039
1.886810041450095  2.593948243158465  0.742121687837060
-1.971868214677158  -0.677959239293055  0.126560846714232
-1.774951273291970  -6.323851814052276  0.050262149455278
-2.534267781913093  3.319981483750995  1.096023045665544
3.061962791439029  3.309676555204808  -1.341090234638741
-1.971007540374331  2.577494472884990  -0.064676458689537
-2.536726232592810  -0.427049630180082  -0.172503992287324
-0.306796800682080  2.617468273810534  -0.629391917839107
2.298507475648863  -0.572688863589099  0.290460584799086
2.315359867858561  1.711088560416821  1.080177868130539
2.311969240898019  -0.670353751315970  0.104224931108481
-3.907995771200706  -0.696704688818367  3.275765095066430
0.552166144812749  2.781435921788531  -0.417538898563816
2.297066924999570  2.409287159279505  0.100012573211087
5.256787254443736  -5.268823223848736  1.850581032290231
-2.793774861780156  2.659507097609480  0.160762366941165
2.307105446839456  2.725661111842201  0.024667631516669
-12.051081056380243  -6.074573445930389  -1.452482747997788
2.315863982249982  4.889614190737070  1.455907698294775
-2.614026280829866  -0.604035237449165  0.819879129529922
-2.610923697646314  2.403902756520409  -0.439156423705403
-2.479046262789170  -0.735769871968560  0.531055484607246
-2.698130170390184  2.594598558232643  -0.069009499851209
2.312541008389365  -0.837819241327785  -0.135432007039350
2.314712980358193  2.596912657723541  1.268720787963084
-2.845868898001922  -0.673562214977597  0.240155262623414
2.304863254858848  2.574703050433433  0.024148674195049
2.311422538847061  3.438697621838531  0.221999662814570
2.195755462759414  -5.229994924089715  0.204537985420998
1.420665814689131  -1.966961934715188  -1.405973551763800
2.321143102265984  2.620129808171343  0.322728298637702
0.851170465820503  2.591398674330847  0.117107985913379
2.317841299609938  2.336385235405233  0.148018726469936
-4.390901916540082  2.589414985150999  0.687689100306064
2.704344933163247  2.589028483070131  0.595442346466005
2.316463140297861  2.593816059392729  -2.212146378436419
-2.618809897318820  -0.688034101353120  0.071249361673073
4.935033603673777  3.437384815742680  0.061255465885393
-1.126612229678147  3.440383096184313  -0.056205606793448
-10.315574602460220  -0.742570189173738  1.181483682775730
-1.981623346214899  2.583420354575597  0.999327909760118
-2.653114648910774  -0.654486500465331  -0.314788143873472
-1.783635458367786  -0.751835616095636  1.082727722228067
-1.976368360344306  -0.718050079229838  -1.017984069892885
-1.981398570578574  3.341751918252427  0.351542875103944
-2.617774148126990  3.492990896784157  2.006340466956666
2.319614211875232  -6.264149608199186  0.027581561275361
2.312517642497807  -6.231810087223447  0.288831202416427
2.313644373164470  -6.233021808076074  0.692325119448425
2.837150671636001  -5.322353620939976  0.304787586769506
2.309100972841304  2.588749549215076  -0.170536676344996
2.315859564669490  -5.896636625927342  0.621318428568626
2.314675837042552  2.670915876924733  0.468778220527726
-4.048147867373964  2.543727410776206  -0.492068162769718
2.970600014517568  3.444851628003113  0.494570317609123
-10.728754991449110  -2.356958737242262  0.120012612266116
-3.212861703215650  2.594148597504870  -0.152042217045585
3.641792965877107  1.341746079678148  0.073742164024366
2.324158438444328  2.561041396004652  0.072699408574290
2.498780571566473  -0.717528507171653  -0.190319025069435
2.312575230526777  2.972459218864727  -1.227037250165179
-2.610249749447602  2.354987170416337  -0.000102431937658
-1.949866271609132  -5.286527999701310  0.187392332597253
-2.443446256403364  0.425596325390663  0.068588990710711
2.309481636230907  2.637480209331786  0.113103346909312
-3.706570822205989  3.321144559355865  -1.852142305844525
-1.949147017012847  2.576043305319933  -0.943525572908632
-2.391239850609858  2.591540054160820  -1.406616229262134
1.596154827512599  -0.688461446999968  -0.755937547322335
-2.068496459117999  2.591548075737824  0.166830729545417
2.293969149960526  -0.684196763862939  -0.598793948725323
2.306526212607667  2.851382809524068  3.402878345026864
2.258384081336067  -6.198369380763348  -1.271642646785567
2.313616411969149  3.465108593553115  -4.715551763048770
-2.601871575692400  1.450466565664160  0.439060471652557
-2.276288599613949  -0.825643055781930  -0.814406307559327
2.325501490876209  1.334999496790590  2.725125300747957
-2.610440145553926  4.209009851810314  1.325998116887906
-3.426846177634874  -7.292681029092545  -1.995862236333678
-2.492652800403966  3.027398787871385  -0.410780078273920
2.314552570882137  2.606492835222950  0.128090611785286
5.038668406511463  -6.265402287362878  0.232569304969523
1.821682588802083  -0.595027802251366  3.293273603971723
2.312574215488461  2.591386291476576  0.247263265834263
2.319126391962385  2.581966407497617  -0.040987864259304
1.969311715766037  3.725371404528970  0.100433210268088
2.771350511288924  2.387392255468798  0.154663622927338
-2.617246593176440  2.609009873450068  0.113798078433923
2.344130516661912  7.013692235367304  1.099981976563565
2.514243001800182  2.214989526137735  0.443625527121862
0.754144310538548  2.665532887472218  -2.418140121342414
-2.613650973559184  2.772884169462821  0.430829809562344
-2.718549451194725  -1.032033790531552  -0.786481654260749
-1.970976224991316  4.783844888283886  0.474733585680221
-1.950548746056412  -1.119978136871655  0.179429348896149
-2.612490172533475  1.768201898767703  -0.009794327716444
-12.110283329629400  3.257563706518239  0.068587734041313
-2.610531778362656  3.466205192695625  0.075495836984827
-2.451719620004045  -6.207337596021853  0.733083617265967
2.648392737403667  -0.577612121677774  0.170839258747760
-2.470574130121812  2.591109971297747  0.092501443984891
2.312040025689196  2.934944652882708  -0.687638012262981
-2.982483436473046  2.575889776932778  0.046144758383011
-2.723864883824444  -0.697086742986619  -9.558615209972436
2.794011483279148  -6.257151498967111  -0.597143240790760
-3.993441638387911  3.351633475705421  0.087001975826824
-2.602668153574426  2.590089152952063  0.303889795307302
-0.763431760926538  -6.155414928756087  -2.175519029572460
2.326979040988510  -6.236299994645680  0.079195101935403
2.314397455885031  -0.724919468088249  0.028221356835328
-19.128429379227839  -5.003348155442231  0.899570849101400
2.341573857432573  2.519416630335901  2.914892260762731
2.938130217629771  -8.146567337675554  0.123604040437514
-2.610560181419067  -4.335987596093255  0.092364181854670
2.322211259414891  -0.557959249721569  0.598976573190313
-2.352020044028678  3.349428179762326  0.064380722876152
2.310752806585635  2.662546497233943  -0.929445083523641
-2.242074440691142  -0.700214041671470  -0.116432829462520
-2.272708968960975  2.358402002201413  -1.293530293032488
2.323791809929956  2.335523712027266  0.305086602690067
-0.575006094449930  -0.702636894290973  -0.041758476856520
-2.608680717206563  2.573399103009875  -0.215097073741978
-2.553395330351377  -6.228315441494163  -0.891045139171121
-2.762312625720115  2.673656804852853  0.062038970906027
-2.609392988843743  2.272343726370471  0.050336739963789
-1.973996075850290  -0.603675364658255  0.077853578830832
13.555090856008508  2.594532526443959  0.331135324456391
2.310133614247078  -0.740995305728326  0.445866348459062
-2.691049841316500  4.659076245508453  0.039480570314560
2.445461232584955  -6.122726307565240  -0.721592579228466
-2.928851513765341  -0.698879220991272  0.068735823157976
2.332481228137767  2.589320417760155  1.641555029925505
2.330485357463697  2.593638111626225  -0.579498727261542
2.325965541230156  2.591629897097287  0.017578873331215
-2.712207407490023  2.644208678937521  0.003487807548883
2.154851795781078  -0.715486126308055  -0.214303848649265
2.319141594335220  4.034243791386706  -0.048429748550421
2.318128858767375  2.596981611939956  1.587743356574655
2.313382405529418  2.773260116293819  0.303402261403481
-3.226757411178168  -0.442927376498956  -0.465010575145022
2.704805036560728  -6.240173472807510  1.244379314403347
8.827860837038472  2.593924239324336  -0.103687569958361
-2.242939971909713  -0.613732419949514  0.018398921691931
-2.634534256051841  3.272686913273518  1.640978298557634
-2.008920868299849  2.973223950561753  0.076438544480727
-2.649413234799631  2.848913997523881  -0.057108730124434
5.490064113164574  -0.690138378545356  2.793798124514181
2.229238753449319  -6.237136167939052  -3.424705622572743
-0.702066116307335  -1.945876702498507  0.239106660257486
-2.650759099082354  2.948233723283873  0.456320381619508
-2.593521784431205  2.631435987434341  -1.627407254659801
2.667098579063110  -6.181924818397746  0.098110612413944
2.315961317460189  2.355672326060168  -0.003774196068911
-2.257177240773721  -0.696774489365494  0.081032553676874
-2.439768865788027  3.783081663449671  -0.110647164211885
-5.937096638859988  -7.385645197808970  -0.023416685722061
2.305671335756445  -0.601578670550968  0.130401771839917
2.757470440405088  2.506150590146436  -0.079475592452943
-2.546201879659435  -6.224920374563979  -0.095798285695159
2.345344905945791  0.798103933908918  0.049264712806718
-2.431357627679158  -6.238331366787349  1.068508092082194
-2.614239284657315  0.191191249731311  0.096486157931169
2.293891776038429  4.644237024643578  0.045319361304767
2.327200793684871  -6.129595525505660  1.632328552437191
2.303539142638690  2.214067577357796  0.965991843479979
-2.677645810702951  2.140222286608564  0.273405356895051
-2.625271394095619  10.171399645848842  0.053890227537523
-13.470178321371241  -6.132969677921460  2.243929931948882
-2.333115067716317  -0.674718394690512  -0.073883599465172
2.316175141884158  1.627720499114469  -0.612182749363288
2.366140753858494  -0.701622273786138  -0.392435411908107
-2.617069480509140  4.825373875883764  -0.146897515928656
2.313788816720269  -1.660855020370920  -0.038952065741463
-3.847997956108071  1.724067232011881  -4.881256305884729
-2.605205906496700  3.132043097309560  0.712541735177073
2.166031556282026  0.719078074345763  -0.795473373601494
1.878613155756076  -6.180433077435495  1.044897142146783
1.305810425605415  -0.701075289671224  -0.091603101946633
-2.852629507071079  -6.205328704020100  -0.231185400901524
5.378059159014496  -6.221799238179610  -3.138963100469083
-9.244644998552504  4.927501142104147  0.080550007086395
-3.908431862521896  -5.973725479029991  0.106647685445247
4.365412673407426  2.591262359777577  -2.871742211579721
-2.574404302859934  1.542654100191315  0.124501951868594
2.314034066498163  3.116028885093380  -2.929503343590885
2.308782584968818  2.396576831879689  0.060415747758202
10.524818460456233  -0.696347594515157  1.264193789356500
-2.632026490900849  2.383060310378800  0.003282735431663
-3.721692064599658  0.652017539386885  0.078893853460774
-3.139587080221414  2.461463315475214  1.009639264047360
-6.798008043529103  2.584527534028428  0.958705497057315
2.315126212454258  -0.781702500698460  -0.154421160108488
-3.331831525231469  2.309862721115387  0.138384428808038
-1.977240071592803  2.607746663967263  0.111251958132648
2.304545341403673  6.727788129686113  0.066896045251562
-2.277455543563726  -0.702228651070808  -0.905142576821753
-1.964423243254689  2.200233328379156  0.156615829067558
-1.957839945025620  -0.742160955385553  0.025714298231290
2.353184831287407  2.421414229028096  -0.196141717188726
2.312578342559883  2.576374372357142  0.928286910822388
2.309807804056805  -0.637920972134629  -0.161467089717643
-2.610498470937153  -6.230875127451704  -0.560255324855119
2.299992481664714  3.020995798701168  -0.970093754306778
2.918254873819766  3.309445040234089  -1.914124968262759
2.319979354180477  -0.808901919617704  2.491800170718113
4.101261462313866  -0.550875818986907  0.082721499637523
2.203924188065591  -0.683328185057010  0.942275054644162
2.269543509916169  7.233825097044640  -0.053329143067789
-2.707767162029493  0.846106934501173  -0.085276169111185
-2.613122555795284  -6.348665605666714  1.599260584628196
-2.932769992483471  2.592673405399236  0.030257873109916
-5.921262998349754  -4.442703003800909  -0.257700819872460
2.296685446256007  2.598934643183902  0.117526530328415
-1.969469405706709  2.258421752354139  -0.127926419525994
-2.604639400596536  4.265176870334388  1.733288525772358
-2.591183227313266  2.779880397955065  0.034616642420060
2.311859188619857  -0.783253083331813  0.786371471097285
-2.933153161681048  -7.305496108871526  0.670427523024463
2.320550910328677  2.575101805913573  0.095017662191859
2.924677064684199  2.576314526663943  -0.008328496748891
2.300512064404366  -6.155746436044908  0.059414710459075
-2.022565828486538  -0.588224414307273  -0.051507652147691
-2.597906194324338  2.012784409901437  0.132090296121243
1.428623497558242  -6.237170361112317  0.200070783059413
-2.522516380156432  8.969180405195335  0.759158121530628
-2.614325036021574  2.591368782183627  -0.579068683124446
2.318305913671429  -0.713084735584611  -0.663223857728511
-2.607297669864999  5.848127755697861  -0.985806311868005
-2.613766714680440  2.346412716690415  0.060675424824463
-2.616085248180340  -0.812585158918944  0.061343911508300
-1.968075620060037  2.570238821774556  -0.106655269794349
-4.411837577059119  2.500901220791599  -1.251082255289064
2.294059929380190  -8.946074031981382  0.989771983462419
2.299721717859754  -6.077947889450676  -0.009053795353913
-2.642000236445995  1.984438979294675  0.198405816739980
-2.246797440942319  2.864538356069664  -1.566938353696973
-1.082006918803372  3.311497818146083  1.401725139518960
2.322774578186650  2.637712830432762  0.087342318462961
-4.246872500106029  2.825412613719118  0.100197225309018
2.305715831189294  2.594364253443228  -1.037130788175477
2.058716313696835  -6.222292605692962  -1.530280888030149
2.416826001147205  -6.254635344600490  0.597050270613267
-2.565091023560034  9.129065466148438  0.456973371339139
2.312975035672256  -6.248201762206834  -0.132777353079218
2.401703467010503  -0.721760518721889  0.486438371559290
4.176897525982808  2.915688798373440  0.118532782092381
2.312612345467828  -0.658759001390284  2.522697160275603
2.319707544786200  -0.378599984036274  3.548071918280274
2.312537334397309  2.164665506062130  -0.114461992763026
2.319703490809701  2.590526332468567  0.353830453503358
-2.618330495171482  2.668498707426630  0.109241430241581
-2.661433053912230  -8.376367530025238  -0.736033311586504
-2.287739828499236  -1.006363274681088  0.923434412568886
2.306586505798110  -6.226829011570266  1.058912329870190
-2.611713768975295  2.589273963674311  0.986205608761864
2.324174948582873  2.593299226913112  0.346611563465767
3.895767916470116  2.616808221686188  0.303248876618268
9.904555375550832  -0.706600955901971  0.064304464512615
-1.997618357494964  2.591380218047135  -0.204916875800657
-2.625697897545752  2.869825006837124  -0.618494522628918
-2.567905076871660  2.553902225980269  0.126184638427680
2.847285764392565  -6.423329136921456  -0.094173199304555
-1.915205188382201  -8.767936338745391  0.143020158103341
-2.498417077662347  2.603075964059548  0.082349136737720
-3.521701744255640  2.498039374946253  0.481848318797271
-2.970330480693028  2.548372032460680  3.192942609978247
-2.663579441665101  -6.243409296324945  1.754981236186578
-1.711276440573654  2.593933293319101  0.604364664179676
-2.650159873767224  -0.699611304139222  0.085992629885280
-2.629250971693525  2.581004598790062  3.209865206865855
6.065503866471911  2.525218905298565  0.026634313713582
-1.951884937793589  -3.485497664434551  0.004060055953007
-4.651411356522453  -0.731416480709297  -2.304728670542538
-3.276359203849518  -2.526862014101343  0.035291579809979
2.310109436523990  2.463008173475873  0.741781180434818
-2.614070838694269  0.992293971201168  0.214991854095394
2.255308080613458  -0.653524812080060  1.026875117339759
2.317107530398927  -0.633436400259614  -0.047112582178370
1.663472160819534  2.446418901026497  0.055655983948192
-2.610633498418712  0.737422459707475  -0.132053073909721
-2.617083182063258  -6.418144605349958  -0.193100059374427
5.236469075444846  2.632032121650422  0.095186057115518
1.869439839098917  -6.401945114968473  0.039220571706566
2.326661518422261  -6.234803296138073  1.979053924403599
2.318642951791620  2.471165429022010  0.743251483054835
-4.091796324915041  2.981299249620615  -0.044790067154258
-2.326420765586837  3.159514451874320  2.205805274466280
-0.993566987241336  -0.705905742120434  1.320674824058170
2.177119480064803  5.068141138612974  -0.431191029131104
-1.819566100996767  -7.728648550821346  -3.925997780832903
2.302139311167841  -2.778872904945119  0.093446205890839
2.431954578700684  2.242368593825205  1.634688720887218
-2.449137811300250  -1.707817279097384  -0.347122934999739
-0.679178013396984  2.672207779240358  0.120880731439721
2.320491814622730  2.755682006710928  1.739537776109775
-2.544226812531341  -0.687823489661604  0.081430975206581
2.320208916916556  1.811555276719183  0.870580250896350
-1.978052049931296  0.953731395838539  0.700900513744811
-1.317305400911700  -6.222849253704791  0.043739322636348
2.313619628066748  -0.446461316543869  0.062588626433778
3.095272563355351  -7.424287353678109  -1.043939747973903
4.321200825446131  -0.698994332359698  0.093196219942206
1.637759847945412  -6.283084791212580  0.116520701779250
-2.054871490404712  -0.714769504194873  0.079067403926940
-2.624376168657197  2.739836595257226  -2.290447230252101
0.220928874355732  -0.744212631936577  0.080054346034172
2.315213125180462  -6.209149618466872  0.881847765182559
0.173038497598134  -0.635146000560125  -7.565332775574482
-2.620951968122985  2.740293295525588  -0.259631888062756
2.323676525135871  2.590189018802391  0.146043040179150
2.278595836059136  3.101979906921670  0.033588674689815
-2.594695827864228  2.746389580958284  -0.132173504657014
-3.509168857757666  2.617073597506390  0.093168630720327
-2.646618907029686  2.965966633214451  -0.385999608950727
-2.488048822884867  2.691167839747852  -0.172620792860106
2.324680473898448  -0.364110064887318  1.808005103298250
-1.965914538797911  2.446276410160868  0.031100820936779
2.312298500609441  -6.224207374237596  -1.846996598809320
2.303573675572016  6.679318347400366  1.453011915123826
-2.447520527098306  -10.608174244549625  -0.113779259550696
2.331925864227753  0.403851197859713  1.897871975153532
-2.611130249617670  -6.218243829761025  1.899693632997622
-2.611810211911106  -2.071413286896968  1.990670882920045
-2.625405501124609  -0.404257898141963  2.827662031735748
2.296309001394057  -5.260120954021398  -0.012919729534904
2.347565342485215  -6.226524232508361  0.047816269041190
-2.623459903198564  -2.001392309499418  1.938638882353860
2.289979191715497  -6.579513917057881  2.065207575467900
-2.618278762602853  -6.201071558269314  0.161469982153987
-2.523914854690262  -6.231964101167672  -0.876659395424696
-0.797717823121860  2.959226523541684  0.043968274719657
-2.627245981717941  2.183126009806474  1.774058903164200
-2.608485630617560  2.300683020453919  0.193535530404217
2.316289850129816  2.034649649411428  -0.107586185534145
-0.180919520655640  -0.684634953808605  0.844380438572098
-2.609907196744565  -0.703168549405700  -5.541282714947924
-2.948043491637541  2.640050928842908  -0.584964568951101
