0.497184808230266  0.432557361368165  -0.371875552227694
0.499040515465274  -0.263911023701831  -0.103419273837391
-0.112089259739439  0.169746040447047  0.435539072704680
0.346310918344841  -0.186726486911253  0.024548162865736
-0.056547106196067  -0.270422779750517  0.034413907217651
0.413962022557498  -0.042795190723309  -0.069301429773055
0.439127794965260  0.278389235538920  0.215970511036167
0.302757503457428  -0.407199189692404  0.018152548394241
0.365020245517695  0.329146910899926  0.329603364710939
-0.226950022615712  -0.440756802873260  0.170528041403308
0.093065516813273  0.171654091780332  -0.088212120822191
-0.302449106347476  -0.210370356055937  -0.357879867005275
0.283314472689876  -0.087461154713615  -0.465828689975131
0.124029983475372  0.160635724893972  -0.201504701341464
-0.053865499263526  -0.277875451420136  -0.426635825749667
-0.030761475104863  -0.403827740832093  0.403370171388056
-0.380509526168980  0.024799383042853  -0.416376994685417
0.416861334508014  0.410448379863898  -0.201069889062655
0.084389123947260  0.065912028554213  0.113938318466329
0.456535658833275  -0.239021018475921  -0.268984578386937
0.033448492899149  0.449938133688191  -0.006940406352654
0.040600508547895  0.265485107211851  -0.454654274849245
-0.360033879600513  0.292403579343783  -0.470198639681424
0.383125471786259  0.040788191813836  -0.052019817024126
0.392135868579912  -0.122415654638924  0.038424694770406
0.152298878218363  -0.138738976342718  0.071008562191335
0.137836478825382  -0.373685119038914  0.190204589833344
0.147749395953415  -0.146060908038415  0.263233057304495
-0.143468283053970  0.252788350427497  0.381341829064323
-0.488330805449551  -0.001890930425506  -0.426207988843858
0.286951473940803  -0.435932672827158  -0.144689636665883
0.441836947942709  -0.120196709779991  0.262920067235135
0.271594995610271  -0.198639499355648  0.272739143344311
-0.347070177407669  0.078633932007161  -0.490992004394751
0.209042522564051  -0.029359194832558  0.264592570697082
-0.032607314497381  -0.230998950308230  0.331692589663304
0.051324938817624  -0.429918505019200  -0.027524958557370
0.242764827128764  -0.308043923710334  -0.035688492307249
-0.269637195843738  0.008247537714304  -0.291431691554869
-0.450695754046779  0.018861875569337  -0.327721642999847
-0.103686711746296  -0.392634691664434  0.009810278198753
-0.397864767525762  -0.211282167150632  -0.268241536445257
0.467667925765929  -0.221681157163803  -0.266377472289798
-0.408443559594642  0.070066657985039  -0.082073461504282
-0.132156759369879  0.312994971642887  -0.210239998111354
0.217391602050740  0.112948090491608  -0.073090176240574
0.251872969526691  -0.072187364625949  -0.071617590366807
-0.138095550440146  -0.346661515985635  0.437190325958967
0.416409873181151  0.281958462695473  0.116328942874845
-0.464000564135381  0.154323771726274  -0.370230387194884
-0.205640528101480  -0.139185244923626  -0.225354846667475
-0.426031002029010  -0.347862842666841  -0.338381470240693
0.438711697979697  -0.128866104506571  -0.449981915305830
0.240955557405676  -0.201319757094642  -0.295641875710858
0.481756635154587  0.393021211919603  0.259348799278213
0.151120565370325  -0.460316498049064  0.313876361932220
0.262573137787713  -0.044717529888998  0.031826446372402
-0.390663936038358  -0.353967256243400  0.008788738721083
-0.284349724522105  0.416443702938346  -0.037847485004637
-0.367732725277329  0.264241612531788  -0.287266305095962
-0.425741565732817  -0.404580755575985  -0.337794488586309
-0.143536318078047  -0.404692188310364  -0.356736992996942
0.431012928530908  0.076584217985966  0.339645211474195
0.123292114800962  -0.175482499584719  0.228011640269766
0.022736624985716  0.236811462503899  -0.334593886996662
0.187058299065561  -0.073189156126708  0.228557396734683
0.256335390409636  -0.102388722833941  0.425200108194299
-0.296489682151784  -0.491997289025316  0.426350711295746
-0.205488453295546  -0.333048407340890  -0.475898374662662
-0.047998393292178  0.308338744315827  -0.131623145910275
0.109206988335325  -0.465152275524274  -0.145422766177460
-0.421480030490474  0.193185198152223  -0.487287333583072
-0.040454719210620  0.461317257477895  -0.165814779273440
-0.027916574381520  -0.394608749734192  0.003075909878142
0.385689860938815  0.034377336923380  -0.218523234281517
-0.145415313323003  0.396280248784929  -0.258510863436658
-0.476115906880066  0.465726805130344  -0.070032103345757
-0.153711488576059  0.077067633112567  -0.373473841630453
0.450043307265791  -0.186389169516249  0.452831124424826
-0.281606764860106  -0.251299800017458  0.363801799669713
-0.264731673217554  0.315100057491308  0.043897237064749
-0.308739729881284  0.088839936253598  -0.451863204452202
-0.484127020217965  -0.450288984826721  -0.100584708461755
0.076903964141058  0.367517454782594  0.286162237165672
-0.245297252578526  -0.417745091492826  -0.342244003525768
-0.290507118955989  -0.082617206365170  -0.152309983356838
0.199884030335950  0.197509495910917  -0.425276106980159
-0.463530297656936  0.289399841510477  0.400528547283741
-0.495336686991043  -0.235796695732819  -0.032622695045828
-0.140183805848734  -0.259782367296959  -0.476831269587667
0.031668106653141  -0.369805281907929  0.061458958923332
-0.332169201124868  -0.078925243119290  0.184687908198172
-0.226099675009360  -0.490000272536021  -0.280133701780963
-0.468043780699922  0.434872197890654  0.282092019893192
0.017593987440392  -0.483537235467181  -0.201199775968593
0.040719539126125  0.359883569536664  -0.314885697140787
-0.416453653114734  -0.455727702534492  -0.056192016573853
-0.480681248295381  -0.432967949060523  0.311771513769801
0.136290613641657  0.272850430819255  0.205682142958493
-0.261789084859279  -0.455582057828359  -0.218783108475243
0.365089636485059  -0.426876688405182  0.160331896666534
-0.312621420349578  0.022286568107310  0.403879262848496
-0.024847262458603  0.347022282710541  0.338779408855483
-0.360719950564143  0.040304561824609  -0.032914684640794
-0.281317096609362  -0.059171678006907  -0.019721816947460
-0.166715694475084  -0.491087319858236  0.005463930826679
0.173147279128440  -0.444540678325186  -0.342420371618157
0.105103236301030  -0.180776207886248  0.390517118410665
0.290373521977071  -0.282500781007777  -0.299791004706018
0.180440066992726  -0.343783167064188  0.010360993131561
0.488064677721016  -0.355308093188440  -0.451699987933494
0.399063999885542  0.215329582752962  -0.189672161819802
-0.107059732469646  -0.419216270122462  -0.147878688330597
-0.498986719982130  0.124630480275165  -0.299728594033558
0.125111589866319  -0.178548167726464  -0.452681770990895
0.223364751937637  0.259252000996731  -0.093695698862374
0.204335028026163  0.085359213183301  0.469564506963417
-0.196121572113659  -0.186244618552807  -0.273538386156534
0.172334559641849  0.278922241960023  0.012661702650736
0.115264933194533  -0.454338832808950  -0.053900494242443
0.468012653593963  -0.140439695878186  0.054032153659805
-0.088645592205795  0.466046563809444  -0.296942156125651
0.492826567728518  0.159199965313559  0.309077240649244
-0.041849121652677  0.387308053056641  0.033934333367790
0.077279446683916  0.417498297231653  -0.185853474533558
0.226138437019322  0.305235839416819  -0.019937073184951
-0.012425627165720  0.341410062086917  0.055527537232708
-0.230118708549631  -0.013257287212240  -0.224154100240230
-0.274609524000498  0.146753914249636  0.421133579162455
-0.299525238699984  0.379853104720109  -0.034192296557940
0.224980121062128  -0.197128678951737  -0.010992699000674
-0.296325671480129  -0.411383740698585  -0.334310359590724
0.002996532568013  0.287581007403754  0.403601867032969
-0.280475910859892  0.238130968287456  -0.242197106638001
0.064208745265455  -0.367570365846765  -0.127912326141959
-0.417144538148411  0.005726220836265  0.194406852421135
-0.043022092645645  -0.138725287646842  0.316007505429215
-0.454188481058509  -0.112172210867758  -0.041476821597479
0.235732117846192  0.409636948337418  -0.222594534082838
0.317768388993286  0.156315859599041  -0.488719682528988
0.235353695029259  0.103494647442919  0.180019146301395
0.083959788332396  0.073520979019484  -0.138982529259906
0.458699903923036  0.486942813907485  -0.112864572462893
0.336180005862130  0.482142361684797  0.085352985525990
0.170932012721447  -0.413743455551098  0.491450569080925
0.279500188166833  0.494364795951332  0.153689755601124
-0.462572059879574  0.219089360238435  0.188116101226423
0.108813088855325  -0.393788714534923  -0.219315208493961
0.276214626373535  0.390166304285033  0.010599306969896
0.215707933976146  -0.422221126233796  0.115304231913232
0.337803867689248  0.196005394128732  0.055059352634896
0.361189641521767  0.245321511922200  -0.235450687415013
0.499769118360545  0.073731905874068  0.139058974164038
-0.010300390614795  0.389374748365827  0.374510266075984
0.347789980505312  0.147723854813794  0.085578659041573
-0.218417210432098  0.491654004199062  0.299661193105075
0.001636229579722  0.272315332972088  -0.375719959402743
0.421017861777580  -0.455163410996647  -0.271395190499655
0.342486351248549  -0.194428385926655  -0.015678444710356
0.150053587716776  -0.356057153775523  -0.194201759872480
0.386920459877232  0.386841924595528  0.015216660583046
-0.232912449238303  0.380343470129383  -0.002016692508871
-0.166560735718790  0.394696608653606  -0.295516953436482
0.319604657662903  0.338837851424997  0.022796033629311
-0.338062100478803  0.448977015970134  -0.440550924192347
0.386499484053781  0.074344222651997  -0.121153106716385
0.140905260788325  -0.372192996966676  -0.093297126216934
-0.143589911696662  -0.348843961880920  0.356473063392277
-0.397992355142000  0.453121004256789  -0.333186181304895
-0.060595563336944  -0.339583611185226  0.379271767856636
-0.021549655223680  -0.100846602034525  -0.224529812564849
-0.448358765051511  -0.361285379700339  0.278638405841135
-0.321946644103384  0.083438531070650  0.428123821637294
-0.392336126184847  -0.047355680769115  -0.344007503568574
-0.195789174182343  0.264123945008396  0.126921948882660
0.211095319369907  -0.306539428864239  -0.431568939689227
0.379655994812896  -0.180151089007166  0.104480006027815
0.455210171911862  -0.084207884508002  -0.304108437437686
-0.333971519995425  0.124807079702759  -0.443706330687568
-0.171447175211068  0.480411833620895  0.271597379202257
-0.290667563795095  0.085282209499295  -0.060211933341662
0.113554173488497  -0.180028562401966  -0.388100241541190
-0.186985360514773  0.493937883367751  -0.334225823873565
-0.037079913956059  0.135517161884044  -0.462912031793060
-0.246725725765598  0.370212659580600  -0.360368745139608
-0.481929043002310  0.189713947126763  0.371077775879262
-0.144491720998159  -0.103200889860667  0.362911721929655
0.432257174169431  -0.049241099318026  0.474991309692292
0.197937121771385  0.253610483064970  0.077774355059780
-0.365393847246936  0.307699033442037  -0.395331390200825
-0.164488709884596  0.064364430461851  0.122588575312495
-0.041899048106476  0.312855245469533  -0.251738774921163
-0.077234269521637  0.305611322531600  0.048123048076343
-0.252473450882260  -0.489228206720243  -0.253079514439442
-0.250130336324842  0.115763358606399  -0.238066494983202
0.024275903223953  -0.119744737444516  -0.463910309282705
0.343606489993095  -0.050033614093604  0.476480983036720
-0.442552761236847  -0.336910576153436  -0.317405711342255
0.041292578264631  -0.227301132353268  -0.006731732715266
0.233942991443230  -0.315244578983023  0.420697344492870
0.160062970750631  0.190075363451563  -0.331913669109221
0.185753586523166  0.101804360097187  0.154961144532388
0.017694047119309  -0.430515478701823  -0.026162896467252
-0.015256215158185  0.117898446376274  -0.399278742744714
-0.471730497268482  -0.432031357782420  -0.124116786027744
0.272834432538609  -0.092869358565697  0.434954626765708
0.032677277324531  -0.053589645446231  -0.171180739731819
-0.155934810002959  -0.452536046228198  -0.051392483607890
0.403231110599429  0.381428498125340  0.312955748429744
0.460227618633986  -0.193449377166522  0.428266952651815
-0.455072184257330  -0.139867342372517  -0.423982418620654
0.425426169164842  -0.161976618044502  0.290980161413583
0.249122367202135  -0.034169552104489  -0.417673902959773
-0.300034996750746  -0.423830778319364  0.392463852163551
0.220971354835237  -0.052312774925796  0.076448636477375
-0.298533331804871  0.220517917351437  0.347344032040841
0.068554217812587  0.106441773535113  0.400272953174324
0.393316338795252  0.100379833436467  0.284024821852004
0.288336594818558  0.480758771574395  0.186563180194331
0.419947227706398  -0.430604036015664  0.031458322235757
0.084099824896060  -0.113367465618048  -0.238739632733648
-0.050684403266970  0.047591449510450  0.345923122661001
0.315795257157394  -0.238735793350137  0.482055587661910
0.428057638001576  -0.164327611247954  0.204562200130640
0.149134458369394  -0.291209258893796  0.244471472854942
0.477717854778125  -0.084395895880162  -0.408441743579741
-0.238701837385562  -0.271145393173700  0.331440813310642
0.026814094166432  -0.467300492639896  0.260843199626666
-0.076626444380992  -0.322990626615863  0.201238880807214
0.097597923738233  -0.224416112433685  -0.438159920345687
0.204884305597076  -0.141805837216113  0.223237230185516
0.026974588455473  -0.405057931756422  -0.143546139071629
0.409983513015811  -0.321333622587140  -0.307572447102711
-0.298692788396331  -0.377845925945240  0.129671416080125
0.449955036308121  -0.459904631058653  -0.035766986790728
-0.430297138531665  0.093843980652312  0.098580462258856
-0.149545784493513  -0.238008017261752  -0.186676383665418
0.404910092350851  -0.095012099408832  0.206367554521853
0.050539240910988  -0.049862061755804  -0.037003563068701
-0.396700372347383  0.450031715365180  -0.374503915633112
-0.368786088555823  -0.339572613381475  0.370081714495429
0.487101646318746  0.438849344967096  -0.117964442237733
-0.017752590392972  0.169888002813749  0.312797714856749
0.418039069730500  -0.412340396661810  -0.371486581118203
0.235463745856644  0.462871148775248  0.067131356033666
0.447215326256179  0.356924115202584  0.203499316383232
-0.319883538214961  0.119334183868005  0.058078543513394
-0.437490866501416  -0.060880544054757  0.359964565361420
-0.489372059933623  -0.414840123657433  -0.071251216376850
0.087464730590542  0.359551770672143  0.114592743060246
0.032418656972670  0.336448676682622  0.244061249524320
-0.172132672067739  -0.255307774177858  0.154545988854184
0.108782785576437  -0.431932234511835  -0.113401369797534
0.036384128850359  0.392900893043157  0.439331285647347
-0.281899813028468  0.061831904832148  -0.365846475087033
0.208817299924347  -0.346786583141436  -0.497453464529361
-0.485996440799307  -0.282388903082563  0.404845774358097
-0.436728525279145  -0.207700903346332  -0.354973786881547
0.151545131031370  -0.356293326201897  -0.189032331965440
0.454781640826865  0.417504860881864  0.348547306200820
0.025271770173433  -0.403225979075017  -0.353675230331645
-0.084896520249897  0.024872169512395  -0.217963041883174
-0.237781580105078  -0.043021869468599  -0.103996785298913
0.229957497397637  -0.493992470104029  0.113719673910530
-0.468803409875772  -0.437289814768040  -0.242387773406540
0.091888993933862  -0.411793299649076  0.361043142747162
-0.427535111203808  -0.171218880718724  0.310569762924776
0.433148602532312  -0.253006646273344  0.054555606073282
0.060479507885435  -0.022752353008402  -0.050168481357631
0.435863495480463  -0.109926619175250  -0.453124194352840
-0.244291774226872  -0.067447672966699  -0.205847453805971
0.041571635367122  0.260635228543483  0.406791884492789
0.271671091984481  0.064867608981346  -0.328563152179874
-0.074334636167784  0.249197504177805  -0.467039202979441
-0.017902388309045  0.021725793654867  0.037513025436702
-0.336823435180839  0.138077610953550  -0.263800613335880
-0.343189806064673  -0.111383572754609  0.002656697671299
-0.334367414552646  0.056937646858846  0.310446946450846
-0.363654888115317  0.275351963675426  0.482248958010216
0.442544947951762  -0.160769329772114  0.193087083868983
0.162161980560401  0.327977617583806  0.346496366258217
0.055045660316135  0.173246239731166  -0.001417342706900
-0.492022111172086  0.212065526085316  0.008476264194961
-0.309460575157556  0.361091671478853  0.313734243314620
0.221224673007027  -0.439668517065060  -0.489321777720333
0.482796027787629  0.108309622609126  -0.498817928450861
-0.028995483379875  0.038985368013179  0.061326251496948
0.422110084320574  0.150900594524117  -0.436464046454227
-0.194973820156890  -0.008282280817833  -0.088452924140878
-0.182134752877824  -0.011717679895288  -0.437284419315088
-0.386703380836874  0.448836883343639  0.251885717833124
-0.398593473921644  0.084937757026327  0.407533452624453
0.143294136571843  0.164542750003989  -0.274996277712397
-0.418552487932971  -0.409012026531021  -0.496156183260448
0.457427686254262  -0.435207592709833  0.264933048932650
0.045754831165052  -0.000189097708634  -0.412451879347560
-0.486985510530828  -0.435128014685899  -0.490680938300396
0.472103710853002  -0.351160350632279  0.099692204610861
-0.088167076003858  0.237848016983917  0.136540288751575
0.420947213087410  0.174171895694251  -0.271582259248255
-0.063808341919091  0.011045788626890  0.471720023789335
-0.497440826624922  -0.435160802082064  0.346512574557300
0.445479143642600  0.266003084149762  0.151159512232222
0.315088203184096  -0.497703166545561  -0.247128012548092
-0.169731391912569  -0.399348252457352  0.145129424956372
0.325310574018358  -0.144755263182227  -0.283571942994029
-0.024503563881190  -0.276456886779393  -0.132637407362744
0.238999069055868  -0.039257542662737  -0.428700391266753
-0.164851503335635  0.110065082891117  0.202422969715204
0.369807087007821  -0.494489173542454  -0.201293134533592
0.249142629111188  0.363316060839718  0.396699600626191
-0.100806038991745  -0.061754596302400  -0.112976590179388
-0.274918122890083  -0.352320172667261  -0.497412512195312
0.266218679672363  0.479577210998071  0.326033247654141
-0.314265012415308  0.262505697970503  -0.310793344119639
-0.159773434799216  0.108594636733247  0.189795327423348
-0.111902574306187  -0.230602468271121  0.444258970064363
-0.195553169665079  0.084529504196467  -0.075444824725249
-0.157442559484258  -0.082950904938905  0.260839249391991
0.362549520657085  0.015751355402411  -0.208651770474875
-0.284910302843559  0.458140098451284  0.497801743843505
0.049790308093247  0.247382065756183  0.236056459851175
-0.200094153528566  0.358736689749446  -0.157804741305939
0.293312809544048  -0.026048611025408  -0.243106480246582
-0.404368369037603  -0.394265776528736  -0.237074600706440
-0.103546508989807  0.240478069597939  -0.182068955724229
-0.004445963022269  0.355451812192665  0.491480194531100
-0.452482047934527  -0.399961583346549  -0.274274132392167
-0.141660261343698  -0.358040569915543  0.284810572985048
-0.127534501469689  -0.438158312608924  0.224031815061144
-0.150270630416342  -0.011199532243469  0.207031753037089
0.042846582908979  -0.250209468287726  0.252821838710085
-0.072787362311105  0.441078923332690  0.467517082189668
-0.467804399604332  -0.021419784211132  -0.418653098891995
-0.078157928597250  -0.349478095592318  0.056960356298247
0.164400026949766  0.449376894869254  -0.163027312764472
0.008410200485287  0.375110189591966  -0.248800024932635
0.148140160467120  -0.335277244502728  -0.147355805026365
0.291257138606128  -0.457281654203592  0.133723783351811
0.264163050413053  0.315823833935967  -0.046566133479328
0.211605854451671  -0.338476611623200  0.117358958449297
0.371365070307558  0.382083930879379  -0.070325337579613
-0.226263573422779  0.348296489952179  -0.247070569353410
-0.415370997518353  -0.057298746180974  0.015020767514378
-0.435593599205990  -0.043441492267498  -0.210613692443858
0.010327724526083  -0.094014332286755  0.464581401815066
0.026782424136271  -0.326002128459182  -0.133665339778343
-0.145038087273380  -0.097722674431416  0.458437263954541
0.477090799469476  0.442021145162623  0.205621132853787
-0.471377712128483  -0.091474280017929  0.431110571938240
0.327083693639332  0.159759442075348  -0.240443029048802
0.005096052322749  0.177517237810051  0.109658342250944
-0.003247302117542  -0.487921187250788  -0.029183982579634
-0.233957028807958  0.194159557766891  0.042451022903927
0.286910999596704  0.075469620023492  0.199373686364467
0.336862204720100  0.029454300703548  0.451464369961777
-0.187476505322222  0.250524004088171  0.018354159329187
-0.420770186256388  -0.199608033941272  0.124828133691621
0.147318751290853  -0.428174874864810  -0.103278439585477
-0.442188467940486  0.011597291246248  -0.315549383905008
0.244073621295891  -0.084514325744529  -0.183837802017180
0.144468700772874  0.148464035528479  0.224998598125759
0.395495963338634  -0.119042778589899  -0.028305333302857
0.347239472168701  0.364218003722416  -0.282002824599955
0.125419930635411  -0.088550012420019  0.091435864474388
0.048373487688532  -0.202147061922779  0.292970997921731
0.014763178058949  -0.236173510426963  0.145309686239938
0.160929021833680  -0.065512429921115  -0.065859684644207
-0.320791393071970  0.150435810347173  0.413288015140032
-0.448594948136091  0.234191437210557  -0.171882310910271
0.407629199633604  -0.415507559170259  -0.444476454583625
0.025907527990720  0.437509225245271  0.469980834654957
-0.265644095596841  0.350914188940120  0.156931862651441
0.145422579257772  0.355358026061055  0.431057273415238
-0.061907092575569  -0.447286807563615  0.047493813394889
-0.297883435401844  0.353309719941374  0.221343060129949
0.431011847822897  -0.014784987023068  0.423396386044400
0.388721464521171  -0.410196945247136  0.466785444781312
-0.366019429476968  -0.073671967472893  0.358827573939013
-0.045731894962240  -0.371099758239891  -0.191207254828969
-0.029197572944672  0.193147364184655  0.139273333699832
-0.204405902029836  -0.151651549048550  -0.368952774744408
0.014817023575689  0.107737623317435  -0.294277678798279
0.492568054970117  -0.357822135845012  0.218764900644553
0.147366896715039  0.298853514770458  0.113724616397330
0.226181960522919  0.036336537990851  0.147552450843034
-0.177347145366127  -0.023598040975630  -0.473779973707240
-0.074428545986432  0.457836676881424  0.340763057436190
0.432998270539997  -0.190874099540350  0.177620132826184
0.109056732544872  -0.295569442098236  -0.334278235657100
-0.200372762224852  0.037345735929348  -0.159996953979463
-0.015774426743044  0.368370371574861  0.300900496711237
0.046620021185463  -0.318390572480044  0.200847724552369
0.283240690795864  -0.059760506577542  0.325642408239896
-0.108782895793969  0.428511167068395  -0.449105899107076
-0.009710391912378  0.373172567428775  0.353792925111192
0.296315839125273  0.004733327236742  0.320746917486941
-0.013715874153260  0.347719099577187  0.250862133500827
-0.072356902330702  -0.374680767378975  -0.025345830399464
-0.420861528452631  0.388155721741582  -0.447042695282076
0.339046044466516  -0.133487787649911  0.422317090434092
0.310765113120415  0.379357015061619  -0.349816174612071
0.358761638015682  0.299128219017746  0.111540098995957
0.346906914606854  0.310181197598298  -0.387221969158324
-0.088916254678142  0.383794951106027  0.456683552619866
-0.025832424258227  -0.232088234644867  0.337248823836193
0.447571384005704  -0.307650751632350  -0.394811110711917
-0.403731825886858  -0.063104138578999  -0.390039287325841
0.071273525126091  -0.174535639719108  -0.395899880150799
0.136676720322763  0.177058785227656  0.089996684300974
-0.096977344437393  0.467264382095485  -0.298565586946157
0.004988590016545  -0.223576952674712  0.328289881159451
-0.256461903012953  -0.452430435320501  -0.358884538917512
-0.417801406234325  -0.164448660279718  -0.078593568842531
0.205304601044262  -0.370615542191937  0.280923738580452
-0.238440676662072  -0.377570703981794  0.480042455212012
-0.000796965673606  -0.275788430505551  -0.217687004880141
0.481991887540729  0.282339306638341  -0.493392625476029
-0.490726709772265  0.014514065786490  -0.102168262846939
-0.300324854837364  -0.049974169415050  -0.383923781525607
-0.322694368400100  0.169736422327579  0.189405668932976
-0.257488182142721  -0.157873376448897  0.309563673712138
0.306591516974930  0.050979259034518  -0.209261916329272
0.481390269911042  -0.076906029493558  0.200060779173829
0.367987747130424  0.472268001546941  -0.300588670086862
-0.389714351067762  -0.012874117790090  0.062049931204940
-0.499410898639042  0.065125079663205  -0.366226762360496
-0.210112955743676  0.480894757358453  0.387493062300697
0.443091209670151  -0.441862598875728  0.099987030083059
-0.429314792581160  -0.145065351811940  0.222448192500570
-0.423472745348096  -0.070183839436215  -0.120884135983100
-0.084070211560413  0.119115962308472  0.142830718265949
-0.139058148375776  0.388396236251563  -0.235846397516489
-0.435806699306650  -0.357832077532772  -0.224162636705212
0.072087214701880  -0.250517318500485  -0.316238720809849
0.449072437452379  0.452346529530044  -0.392876784632663
0.129882789541475  -0.232405226051585  -0.424377013369463
-0.185903499802548  0.159667473158483  -0.413032272752742
0.067400860650923  0.015293656365428  -0.216256460945672
-0.081587800849504  0.002573081698887  0.052710543279995
-0.104151340504053  0.207804878226146  0.371360986228710
0.186625046461691  0.439200045602196  -0.491875880148353
-0.136259984230000  0.157523454221986  -0.046728136329772
0.269095988965042  0.475339243237574  -0.161159090580692
0.408508501971363  0.089314994492771  -0.010952185481324
-0.476629935824498  -0.167870706283511  0.133490073153928
0.173414370834504  0.128201243862573  -0.036534102242793
-0.343724761463864  -0.452087981961320  0.001251615434438
0.161734440041034  0.211354850310771  0.187519841267934
0.073645915132852  0.124237121418353  -0.290615889071577
-0.343662955323792  -0.472278554280119  -0.324285740377782
0.474876390072824  -0.234717690554168  -0.390023178063605
0.211258199244729  0.035261049879038  0.284192332660093
-0.080375420674450  0.273088760825243  -0.395269583926665
0.260038174939046  0.005967718846352  -0.186346190534710
0.412879824350822  -0.075017543835626  0.262188800106051
0.128383917709823  0.239264477270823  0.323001647833390
-0.216205755914643  0.473973650734532  -0.068022948206992
-0.383302033409769  -0.280108564074193  -0.283544883342747
-0.115404350952772  0.431902483032358  -0.210327252632110
-0.214822073386355  -0.007638784974430  -0.433301214302462
0.096993416061396  0.296457949729087  -0.495896494475676
-0.465459649809282  0.183399623325398  0.197622538318151
0.356929637232023  -0.079495812121079  -0.321935331837801
0.338066481239292  -0.472181835369058  -0.399707801335519
0.352541127458240  0.202852071956013  -0.018550953240237
-0.105733815358967  0.386775888476520  -0.052778394539367
-0.167753830930975  0.076456027038012  -0.266404296165415
0.239739915962613  0.043689315903561  0.231437310523800
0.102279216128931  0.494821870487416  -0.278333140494091
0.274739982915775  0.401608549388382  -0.284636712912317
0.095704070276861  -0.138677338329641  0.415302320816570
0.310292870494862  0.434159000161912  0.000036889928827
-0.206995655070622  0.405735521112987  -0.132398731468087
-0.092574985917728  -0.355710539665571  0.385649592000064
0.165383816220257  -0.316320546791667  0.084049776261262
-0.048063999623292  0.437202180652730  -0.078166943948892
-0.061461440111030  0.301388445974315  -0.484272266308719
0.314827420024785  0.446632832377647  -0.100656563312792
0.408381083305362  -0.404607373237189  0.045744202325894
-0.050673818615120  0.107551499481172  0.042902269142343
0.192072228277685  0.267433063163457  -0.127954688416859
-0.141365178946407  0.060150295545028  0.478424118446446
-0.031034073522333  -0.366594514240430  0.468442578353867
-0.311352572132526  0.092657178686279  0.269620830586885
-0.080745059630414  0.360249661811004  -0.007765190386066
-0.018465132305956  -0.298316401421458  0.142860639029229
-0.374933556918235  0.284725837172970  -0.178725963223289
-0.231497147294497  -0.335090522369405  0.391835941711333
0.467634914212435  -0.414328620189290  -0.243568078371351
-0.139242096040787  0.143577202139416  -0.222013847600973
-0.165913135449017  -0.006166952524673  -0.230345525923061
-0.014033925090329  0.043139127198636  -0.494906488425748
-0.157397681532103  -0.210853291142954  -0.338889538745115
-0.298917275402443  0.165197811044016  0.361595581038396
0.333676029738360  -0.143759796178631  0.005150238735544
-0.097252396102169  0.354438480519372  0.465904680209102
0.230895252010154  0.114601171678421  -0.103935562496698
-0.230305168557126  0.058831696746364  0.222481401163134
0.477109121308881  0.190970476363859  -0.190686885973510
-0.326233881725187  -0.375738062282947  0.420683252779275
0.416351595994513  0.425378908649869  -0.437244852890092
-0.385323310395439  -0.486551881579974  0.437719306269814
0.489963830772655  0.481998449014540  0.084995434779311
-0.408298340162755  -0.181449644924740  -0.353820168221964
0.120774141333762  0.449844813919155  0.160961324148536
0.000220909001108  -0.155185888547324  0.003870446069460
0.132199507427347  -0.103414990741310  0.424607895415894
0.345589333555673  0.030861965992919  0.340513906012762
-0.402377352813542  0.241839941187182  -0.308574407125021
-0.097915732843220  -0.294404089555268  -0.181781985489268
-0.431495924298604  -0.146852340748118  0.465808758801986
-0.495954690665865  0.201712291267685  -0.160999136956423
-0.169826412138069  0.144005354514389  0.384097257089734
-0.358948582522478  0.393875916490960  0.227236196528484
-0.060095297892785  0.432408552351514  0.314806808796351
-0.132742988405014  -0.406901798257404  -0.085847184805669
0.265157842279526  -0.301780852798920  0.126354390477710
-0.165412857686752  0.353121943877505  0.385525250937283
-0.318599027696501  -0.022190424918201  -0.291121440082112
-0.447006343509929  0.056399514858720  -0.335830905589792
-0.335307897807830  -0.121454186206254  0.441977961496100
-0.094268294989627  -0.079887207890409  0.328591344240073
-0.424376616584781  -0.185944595384583  -0.466341320173639
-0.017891547157538  -0.101157034603149  0.180178331030648
-0.325178226976380  -0.027948685090953  0.390456546718764
0.311467600545803  0.172721800879641  0.012895641295500
0.459982932873473  0.016363159308036  0.142789829608766
0.052043496089090  -0.388858590929399  0.350188102781710
-0.235510209121311  0.452746720975631  -0.347673455781750
0.177017942631219  -0.163913411613612  0.130067446103316
-0.266643306400064  -0.493871781135468  0.253323604491271
0.423369978759126  0.471845777531760  0.097557004253889
0.190290732761150  0.374498149613159  0.243766416673569
-0.333928369763996  0.241936285710736  -0.093946817288236
0.228876338539682  0.368040069324050  0.041080553990853
0.298150280031309  -0.033284113024038  0.448938790005960
0.188943364333711  0.228707720389970  -0.085040471942813
-0.307721623766725  0.167837699651014  -0.022115600455642
0.375138142687147  0.339541321063284  0.082396907650593
-0.426530550502694  0.151540699398047  0.140004673195178
0.217651373608544  -0.115829616459386  0.118845016222124
-0.124539384349697  0.319592348042663  -0.150186803352318
-0.052227238763941  0.052313257167597  -0.158051232752281
0.269699028965024  0.071388546030149  -0.233750697972285
0.446406855641961  -0.492060000980512  0.120615377766253
-0.214414737774120  -0.461869728996727  0.151261628967112
0.333513766314090  0.152219117200576  0.396162421641461
-0.199816688730864  -0.407664290653789  0.041114837939186
0.337529021205381  0.137461561861075  -0.360417246214512
-0.176382783513641  0.284836245334433  0.496910326240610
0.493470160254653  0.432461096902070  0.447563231239694
-0.053617759674339  -0.106374833888813  -0.012218992778697
-0.443950434853758  -0.267902125452876  0.352184467336896
0.118412962019169  0.147787925301065  0.041199337677681
0.079241051248636  -0.227702479293927  -0.006649977774495
-0.489253583655121  -0.037175199307713  0.032491048614430
0.325876380743030  -0.404672631937988  -0.114856702827005
-0.228380330905612  -0.259865093337748  0.469946914676173
-0.076066742939915  -0.187593706906090  -0.136216120890477
0.129681810990537  0.058140336798731  -0.327781306322370
0.190400295232592  0.343698796147115  -0.334745244640321
0.122440437096965  0.454766577864429  -0.348530637128496
0.166595507639814  -0.141677153155808  0.355958259426113
-0.292918578245805  0.314097992365382  0.422567423505545
-0.132960280683131  0.015320106132568  -0.454886173396372
-0.488108668835240  0.392387490237747  -0.063063314822993
0.447161831644933  0.035231143147480  0.053048402533272
0.022635688314364  -0.130122737324525  0.033531969544840
0.354366774319770  0.381260444237669  0.463448861922797
0.105326648161156  0.247137405029328  0.283161020325418
-0.249789160093666  0.353483920936284  0.445830716001099
0.041257507990498  0.428578554824783  0.019198924888716
-0.259854898927746  -0.114090164893715  -0.188966861686613
-0.012555602487930  0.370256164793590  -0.209586814886211
0.239326977220938  0.495986443157125  0.013659955975127
0.453687773273142  -0.301810925534476  -0.083098190303239
-0.125538453944978  0.461889522593216  0.402684615118285
0.103097921438245  -0.068980924470226  0.130266267572968
-0.020151902354860  -0.089296756476440  -0.276002288786328
0.223057480759385  0.096287381245030  0.108688834760009
-0.115484531586802  -0.265032203466843  -0.112432156677565
0.470930693186830  -0.016408206679197  -0.088065349834041
0.062341358969900  0.343867093157246  -0.282869747466839
-0.004368611286287  -0.202595809095534  0.229097954998871
0.306281100683696  -0.018908287847930  -0.160174211710254
0.016897568257851  -0.426316653808939  -0.143553111610154
0.212042402232855  -0.311247750392464  0.015897088834912
-0.391056014334871  -0.335700211032936  -0.249292865116568
-0.024204551656592  -0.026892431070138  -0.331036715835062
-0.488811232463028  -0.165456827393787  0.160901887276894
-0.343798476245726  0.179616040070243  -0.393772789778275
0.411336106168813  0.253362458054636  0.428751085981859
0.478264139844606  0.145587327176538  -0.174085828740245
-0.301138805114216  0.472867499700403  -0.022444530884874
0.072123256965835  0.204870646269802  0.224279498390043
-0.460088634548796  -0.272593881488305  -0.469276033147063
-0.392974471544834  0.325528373445297  -0.481993222178455
0.073074158236480  0.456520397945003  0.294733629686759
-0.423274347116057  0.467016096639175  0.212773069604466
0.152520899422905  -0.167961591330643  0.453524893460239
-0.336353445669124  0.132158505452963  0.332930791168553
-0.140951005506425  -0.122969074319172  0.410291248987318
-0.200109535060838  0.301555693787056  0.256888498953563
0.128658060790459  -0.220359739529604  0.378122716579747
-0.257005954502684  -0.006722809385839  -0.378896203912916
-0.309124176298350  -0.134589224408446  0.035522105696426
-0.120474875519108  -0.288229920910579  0.373119497206890
0.402310914761238  0.317319697958649  0.145937571661497
-0.094355389097027  -0.254912811973377  0.182315190768299
0.206923765508065  -0.431320745443996  -0.020684054407726
0.065156524327003  0.281353358075774  0.448699820110331
-0.261371985175418  0.458487592929271  -0.124901615397663
-0.246211968195665  -0.262310583953702  -0.046726866704989
-0.384087603815530  -0.067953395934889  -0.444016478112973
0.061056477122731  0.167562544673670  -0.383028750569851
-0.476504440721373  0.030587140280971  -0.122857411493144
-0.216535742183028  -0.108099430764399  -0.106427374797520
0.028842796296860  -0.386786793242362  -0.344099485772293
-0.351315586094860  -0.134000868321713  -0.096300001013057
-0.390269916650723  -0.185197396758236  -0.182905078354071
-0.496415747101167  -0.096641306961892  -0.076585151362308
0.332077732686422  -0.398715717664224  -0.422345681938736
-0.291156421999678  0.339229456327591  0.051438996017510
0.348709327044792  0.354037211897537  -0.385703588031843
-0.126891518354949  -0.228627071795387  -0.010060488669855
-0.190233199906524  0.394356813887801  0.026817101980637
0.481138714175295  0.305208191384158  0.346722225867128
0.293064512918106  0.411330188560756  0.080493523835593
0.190738956137632  0.169112125864731  0.420790459075986
-0.116265566598772  -0.306315382949650  -0.422884167634284
0.256523326787914  0.064065330223501  0.465025550166011
0.141150402622581  -0.061533509288353  0.072820273551534
0.122848486272898  -0.006616575366683  0.498509894926304
0.434559852314371  0.009022758946584  0.214718276509586
-0.230484303200466  0.051573781895890  0.136898692566976
0.039737903092420  0.072841958402182  0.321770288783877
0.408897768951135  0.080154700800468  -0.018230539782038
0.251256113955546  -0.281123156176109  -0.169221721257613
-0.182096980837638  0.132888287404879  -0.483861541419588
0.497628250145793  0.050801675270756  -0.327733455061913
-0.334893529659533  -0.271479074917105  -0.343504176006322
0.375059104986134  0.018376508069243  -0.177642677466790
-0.252071825133844  0.021058572176876  0.153188137865843
0.391292499662180  0.267754699203372  -0.131072347785958
-0.149993400683072  -0.072471177220480  -0.483703236711985
-0.279181369203284  0.011462218822143  0.288310317938091
-0.314976999758394  0.045828128108652  0.298195042958192
-0.173899059991310  -0.323331460988907  0.043955892352914
0.217550177748382  -0.247851980924290  0.205388061904148
-0.204762744453647  -0.188263088278794  0.150162765948747
-0.084934404202143  0.323561469140677  -0.160311562879612
-0.474661289616838  0.081404843260953  0.160552274546921
0.141454767311797  -0.495362642258443  0.099007757350361
-0.066357431510288  -0.455673742136499  0.195286831718639
0.026676612897784  -0.146581451965835  0.138447115338395
0.325696713132620  0.396279988736195  0.145145279833108
0.438754353703593  0.321411809448675  -0.346020535646192
-0.388099463615722  0.031240247036597  0.269837247218078
0.270371880203889  -0.336393794053182  0.341024355615755
0.127929633285635  0.354015695285752  0.355225017979627
0.461306343987977  -0.345817681310683  -0.453046181638756
0.020371775320203  0.194684495506921  -0.473799939906636
-0.086166548755931  -0.436155615638908  0.328217683929926
0.020686566261991  0.434328374391587  -0.376357040415404
0.176788149040078  -0.247891969470278  -0.048909994347782
0.240783779656281  -0.119849170803389  0.160543084046100
0.091637460020228  -0.210081747591364  0.114349693817007
0.024434116970778  -0.426825619178609  0.386637311652787
0.360658248929422  0.325252954035508  -0.343277737651070
0.484169726672053  0.196302779438641  0.060647316143047
-0.317080220625707  0.438085102724631  0.221671009016840
-0.290365802759211  -0.386647256883143  -0.141531057452531
-0.228851875260419  0.408152167209934  -0.002053689518205
0.470008739210191  0.481169753703959  -0.180148356031603
-0.465086572214127  -0.496553487917592  -0.113895325336402
-0.182869707397392  -0.160150570304742  -0.267008802787184
-0.036488434586475  0.233222289160076  -0.139425165066186
0.403222035969868  0.100965459419438  -0.389987121422784
-0.329679796634241  -0.443190455429831  -0.316072672628022
-0.054950500507753  -0.320528251019742  0.292299463586242
-0.371570946660717  -0.081017619447663  0.172241705742828
0.295177121488926  0.422551647352153  0.133701672194408
0.289029354887190  -0.191787893219392  -0.402509421669918
0.380082513494458  0.408572067550033  0.091357508381687
0.366578003679685  0.156857318137654  0.382263343955688
-0.260488582489023  0.429315549129271  0.072730859750820
-0.380312290706772  0.121228528407272  -0.158383136823625
0.389133163314230  0.425547227271078  0.427994868875564
-0.282142730142990  0.182969959781876  0.222809367845604
-0.194461038713991  -0.103242125961828  -0.237719657487943
-0.050556558085875  0.040277221729689  -0.415079937835089
-0.443624007716494  -0.010263966996155  0.029124578757201
-0.269861640338551  -0.143444338191203  0.158799993926144
-0.462361054683550  0.140988580758947  0.472985953404461
-0.168770926374826  -0.117803190083686  0.483189023995071
-0.472043998649756  0.170067351428005  0.126311192348061
-0.453626597023998  0.127729712862479  0.155428742752835
-0.244001524724787  0.153847357324199  -0.144422500440702
0.445000117799448  -0.224271431267551  0.401992919229587
0.083392923097114  0.196637174022101  0.498733634296651
0.469466593548958  -0.420333126634101  -0.229859115267875
-0.484223464754010  0.302750994167569  0.432301729989094
0.039259920433388  0.185108124250818  -0.311395480733812
0.448103721168232  0.489254823950518  -0.258941037853435
0.433678480881388  0.491840274243934  -0.422114990141145
0.022838832922616  0.492581232870835  0.313449120939939
0.033265831685060  -0.063708397641549  -0.389085637928609
0.422109078448311  0.020464239281454  -0.299471244937636
-0.232908987004313  -0.245016473646465  0.437440351953474
-0.259816130898571  -0.269115549766541  0.461453091120931
-0.217589364527439  -0.274106801356792  0.378790506099798
-0.097639131572220  -0.296806377964151  -0.093560990812345
-0.387062992802004  0.169955332879438  0.247078730412762
-0.375916857156848  -0.318523097871694  0.459405256570885
-0.206433042085652  -0.134754576719139  -0.373056519265632
0.128787158597309  -0.382053051342494  -0.475123201357512
-0.069559131839429  -0.408785920473725  0.104163606260170
0.040428072831886  0.221108610320437  0.467908163789166
0.459494870094336  -0.480382626074482  0.078768117515799
0.469784546453749  0.050091038472629  -0.044692047317953
-0.172077509878204  0.176387419482418  0.408478585583119
-0.142858620860159  0.489722201046801  -0.206472441379418
-0.261007521508789  -0.092405298812170  -0.300874089731984
0.348012874524596  -0.099397602210855  0.073066753458213
0.472860439022110  -0.318412124640615  0.224063649886975
0.218094730094117  -0.062991090203090  -0.346116624880448
-0.272605916071929  -0.173336025701612  0.465600620952773
0.451083865835149  -0.479653470106697  0.191062668745742
0.077905647357155  -0.133191492324121  0.040307727989099
0.461904562122454  0.145407534994554  -0.149323937708986
0.113105381713838  0.315310993761400  -0.421101327862890
0.128465949098876  0.145472730872009  -0.250593493857189
-0.353188925753932  0.351634034591906  0.165075398618434
-0.425084161184924  -0.160737596629441  0.352948078186856
-0.148195918825716  -0.283869215068214  -0.125790459751799
-0.264589666273081  0.013838778208284  0.052746916123803
0.336139862124245  -0.221011386383222  -0.069066338763997
0.472407373115409  0.005126407938393  0.245663942892096
-0.446133818927678  -0.388342995338428  0.307225563905025
0.291176667878204  -0.055418929292225  0.456730839268104
0.432114191713154  -0.064567667756571  -0.405779476503426
0.401445023051171  -0.187816879413095  -0.292959937591834
-0.206184890198252  0.178331191388485  0.258387282618081
-0.110688421515943  -0.290867930134822  -0.070559698552317
-0.136530728226823  0.432161454710863  -0.173536217350230
-0.257288648932800  0.141302491381654  -0.189775748703880
-0.232263073012950  0.178963805559932  0.223984551186756
-0.497456761497570  -0.092326390907375  -0.226232182552310
-0.017510024160096  -0.460062446561051  -0.023196539071584
0.235389990674653  0.085139879556938  -0.446752766759932
-0.410609139527025  0.207290751723035  0.338549487342759
-0.447777914041889  -0.081489585311636  -0.358927702074168
-0.027892720302571  -0.167700373352715  0.318768749420103
0.306052259276087  0.079161550559714  0.242186995835049
0.392701420770902  0.336369286878421  0.026489447036831
0.018648286188327  0.215017039098899  -0.066522409145659
0.027980563881981  -0.043616977303756  0.358730970561814
0.341777812953295  -0.081667321324914  -0.082471706781791
-0.497531508152869  -0.479732280397180  -0.325517244416396
0.287797788776117  -0.449572737129811  0.443963433090269
0.033641466341704  -0.366446221745855  -0.432951628248439
-0.092010811226890  0.462684275907406  -0.221762805924746
0.199964440620871  0.132461576848042  0.392061527711823
-0.429726205574075  0.058849469998848  0.175219199358942
0.471097784590589  0.187510613513457  -0.446325158796393
0.497346493332123  0.388042209989876  -0.132747573946728
-0.075586343065508  -0.306286534786731  -0.281664475899821
0.038059194028179  0.064966160441139  0.073435368941198
0.043634753614320  0.167886156904256  -0.118389841948279
0.476934541375985  -0.250247272689814  0.311195541237261
-0.169495191399924  -0.285401696993208  0.471214156455138
-0.247770388877471  0.475412496195837  -0.020531359215649
-0.473357134819135  -0.076692509137083  0.241477029875464
-0.324138355035141  -0.158040868980874  0.343789615761130
0.165647558722934  0.017715023286548  0.107103689826637
0.275850005575896  0.456531439445778  0.406089923340603
-0.337729906523966  0.474127533935037  0.350944129085808
0.166790323028545  0.193630696019579  0.496609149109132
-0.314393504809939  -0.439719621490804  0.137513216109300
0.447164171538855  0.382979835063456  -0.245900878000368
0.452648680021298  -0.481118778948762  0.313694608555660
-0.319036132709272  -0.399185208237815  -0.317480181848187
0.104705821652497  0.357526293058556  -0.327224026058693
0.330621551088831  -0.166365781585714  0.108243484794682
0.360858783890893  -0.270459375565952  0.314661381637580
0.212750559802537  -0.127281877544345  0.420780050080590
0.236041891469484  -0.175740138989052  -0.451018210535115
0.023625443125337  0.347341384658123  0.393126450543841
0.069424173209693  0.157226400827279  0.154857632036645
-0.327554115785074  0.401984920751632  0.374742803740655
0.233406049903488  0.222110899078243  -0.222957975674052
-0.092339187802057  -0.299151331552655  0.284544244202745
0.413366034689954  0.294965651589697  -0.317900592697541
-0.313181910754281  0.128545303218615  -0.486369222862057
-0.406745922660958  0.120388066967148  -0.072184661186532
-0.317374442872008  0.136743866515994  -0.210479602994125
0.362741233125786  0.106629995048457  -0.038672751331120
0.073415455198050  0.308040671424483  0.457269085577237
-0.240368140859751  -0.098655031980125  0.385140483612521
-0.231332144251628  0.172763066926402  -0.122406062186921
-0.367709893299883  -0.422271688115015  0.203802486490210
0.002205451010501  0.337651180089047  0.152922971700323
-0.456836094567228  -0.342832208706786  0.423561288705682
0.135265367882494  0.081287629107579  -0.290593226169645
-0.473303051620118  0.436848347718207  -0.041032033006172
0.408642151920569  -0.496622351070518  0.087591524239418
0.241553961772517  -0.088910597775242  -0.019505330515880
0.229246344967330  -0.391562954567561  0.230384408970359
-0.040384649681301  0.379154371944787  0.174212449263549
-0.442406602236969  -0.343875450863139  0.121266546918846
0.072743191665061  -0.319188802096644  -0.384846887457323
0.364530102229787  -0.219015887266152  0.458819525115528
0.310169044873764  -0.463900077146797  -0.099513835949022
-0.496888769272892  -0.320300697394045  -0.037883718624741
-0.372280919306620  -0.479711889947224  -0.454832971522882
0.401699845334712  0.280171997784705  0.479176158193144
0.241754376066293  -0.084422218692393  0.239337473932907
-0.121787131243641  0.003757358150102  -0.455601617983399
-0.190714341602768  0.478143312936161  -0.285819205394571
-0.484440715654688  0.100028204874029  -0.248285812664117
0.240115415162704  -0.255000107199554  -0.073995939988586
-0.041020691839947  0.342621117799095  0.406589789517095
0.136995007914596  -0.360164048036927  0.048725047544378
0.296258362567748  -0.399023044203060  -0.456009770793278
-0.333425045442877  0.026582845327868  -0.041562023958195
-0.409642308632804  -0.300055026177632  0.321203633454090
-0.271866946560338  0.093224891508378  -0.413373041801047
0.427408392180431  0.201464626553638  -0.087482757078651
0.331616024295871  0.011942280705117  0.465063626773482
0.130966483288414  -0.366183354718261  -0.108565796578549
0.446104627634952  0.498806417181797  -0.349559323360813
-0.209542472485421  -0.404792521016640  0.146594457408278
0.046525223727947  0.388923530690165  0.199003706582203
0.279637697071939  -0.032375404031309  -0.148770619498880
-0.199026802413806  0.042013732983073  0.229599396776101
-0.003975079753335  -0.490006193256047  0.091604521815449
0.317002918158691  0.250820994574461  -0.308651101463131
-0.145510479056558  0.002686040105340  0.050341796056150
0.107420811910560  -0.066980015211569  0.376977633613699
-0.130200727667600  0.371540044811031  -0.243907683091425
0.498182766178809  -0.344371817376570  0.036637334599453
0.064306992374067  -0.285641200550887  -0.301320043730856
0.069784788960619  -0.209378596234452  0.451388867352523
0.426523429611876  -0.297737520719823  -0.041878888623179
0.097030927876371  0.133001002925696  -0.140668897394151
0.333068771554606  -0.025835265155820  -0.058715851385486
-0.381628521279784  0.095780833049629  0.048714639568169
-0.387774321672401  -0.149257606625764  0.397677593675308
0.076554332406904  0.292083637887028  -0.101532369257159
0.492115955560175  -0.440232848494371  -0.368636945664436
-0.491068265609185  0.464068216362605  0.452281453946841
0.187188432904263  0.085404322796561  0.175471104199120
-0.030861699769751  0.177538308049788  0.238306303771562
-0.246194201154851  0.480544214186907  -0.079238181033116
0.163618357389937  -0.196101161161032  -0.221714932151125
0.018473801063861  0.193370252912217  -0.061574142171055
-0.281268102089239  -0.009091581143917  0.488592628378140
0.402334398871150  0.371679398870859  0.378439876543868
-0.001781206336515  -0.456216145535919  -0.364738126482650
0.028870477914364  0.404230600631773  -0.201846813147698
-0.158740123186170  -0.108883072510562  0.102514130485727
-0.257216715058684  0.179358665905873  -0.419519899644827
-0.349050856184463  0.423644833671350  -0.154990559613185
0.275927175646994  -0.268336234336712  0.456006797926294
-0.408510937471088  -0.422477308072345  0.296045896198619
-0.022540321221575  -0.478160467231189  -0.199465992795933
-0.238969715463751  0.321300762771617  0.201979977098748
-0.083512047649878  0.356802190604731  -0.056316877030163
-0.444509110297707  0.359701440342179  -0.480857328909715
-0.103136522660693  0.217090033723943  -0.086470725309951
0.398111079059185  0.249731381698360  0.064323939479319
0.293689461097621  -0.323476842342577  -0.406854916879589
0.407356540118342  0.150581658728239  0.452533997292912
-0.105013682044301  -0.381631467593276  0.191405692339040
-0.439936920670162  -0.132619750300779  -0.059015210502487
0.025094653867220  0.225782616367350  0.013491512653405
0.263252764323568  0.219455896951809  0.099044345228515
0.443098233351559  -0.413456385841887  -0.250222038024656
-0.194798399139216  0.442440965955370  0.118879947687695
0.095100067053202  -0.314360444703450  -0.468743236542725
-0.270412358219857  0.182991636979170  -0.009571861475735
0.044369758134634  0.181547042096520  0.494478258255410
-0.157206351374692  -0.261279235439745  -0.020900087317433
0.468768693551954  0.420512346522564  -0.339168681720857
0.346448426749337  -0.066941214320057  -0.054255239301670
0.109071137297163  -0.254775686860325  0.042424612983138
0.376232717090045  0.009230743720071  0.064413493420916
0.284679920610961  0.142894363307911  0.175239987648854
-0.430670830331935  0.391866925159265  -0.138404356870478
0.251178653629053  -0.073518870977039  -0.379275744890062
0.299030761310736  -0.412559153947661  0.466522333068732
0.325294626926765  0.474609483041071  0.256268975156100
0.020153888776101  0.179541083955097  0.340073340358500
-0.002030740682060  -0.102853463798754  0.111516701737238
-0.355033270024821  -0.031424038340035  -0.432972603253903
-0.140881499349554  -0.259954713212638  -0.318331213092344
0.382662187935611  -0.186785493657489  -0.273779528710412
0.438529124652541  -0.387419275251604  0.355819064739874
0.428707893457537  0.056074736751407  -0.297637176783215
-0.340248203432037  -0.115923181220578  0.475400704749920
0.002989404473441  0.091450074412226  0.008902551307706
-0.227138994042564  0.155338784675020  0.015923712909900
0.120604376128856  -0.267414546172138  0.091719419403789
-0.154857640945544  -0.371253051125142  -0.197826580318624
0.247155641051821  -0.384729565006065  -0.360184993288706
-0.166153987975456  -0.286826068609376  0.299249502183024
-0.115059368665019  0.268457811789816  0.118504536180795
-0.008156925431601  -0.418628670783399  0.481734344620096
-0.256686556839202  0.481015806992144  -0.475707690835811
-0.301785746140109  0.465900505753718  0.199506660242759
-0.260414007062721  -0.215848197380486  0.245238091272937
-0.239481282843103  0.130945601368084  -0.265894499636897
0.478855362053439  -0.382804885249782  -0.002617848332850
0.411967724027533  -0.241247558505478  0.197981207115847
0.182672713129950  0.437548214959783  -0.105870948919211
-0.227426801566030  -0.247631106696864  -0.165099963151059
0.302466518680329  0.128441383055087  -0.101426585303555
-0.298910066267404  0.152472031978746  -0.442831588190357
0.047130869280780  -0.170020647981392  0.100780313540812
0.128339130864333  0.395282917092164  0.398129595722921
0.132314597353127  0.143345471270815  0.376001186882471
0.307597151902628  0.067621331315072  0.271891798464017
-0.041659597517494  -0.207779586008127  0.215158703765048
-0.107597406072929  -0.365702721629086  0.259332058305684
0.196080996008637  -0.054136017276813  -0.443005369671417
0.421641436728580  0.172498434152815  -0.286752931382610
-0.004135357906326  -0.496547285856653  0.371867703680250
0.197062627864724  -0.426207436061759  0.191545833423926
0.482533734346022  -0.358256469669208  -0.405676656662836
0.433395121534787  0.188133577527055  0.344147292957886
0.360208532780661  0.410055217736738  0.480200012383564
0.258092499358803  0.074053116451646  0.063231305905703
-0.130423966291605  -0.140384261476185  0.422308639063175
0.017762297748353  0.020962548240502  -0.008883603496241
-0.027436418299563  0.437214518238751  -0.177956335942433
0.456916213707925  -0.398353005285554  0.407445274819028
-0.385887579375020  -0.483814171914527  0.056612470887999
0.295322037435940  -0.205971513337504  -0.358156561350563
-0.154937355785798  0.480404736978228  0.131328374549568
-0.243103755896277  0.332127663506827  0.421950147297293
-0.136547755627705  -0.148534849980296  0.163067131985772
0.291630307884682  -0.200043844618959  -0.261183408063518
0.270306941627884  -0.367388052033037  -0.281454330950124
-0.033462675451261  -0.008124871838142  0.281560771444252
-0.050576383838565  -0.327477131153021  -0.018708904387527
-0.348324040650125  -0.347698661002890  -0.098584577032325
-0.302804614698105  0.053714873172548  -0.285396738335784
-0.100165550621826  -0.121462935156147  -0.327234033483478
-0.059635243620029  0.094940019540335  -0.143690349167881
0.185135647554982  0.397584768904927  0.062037598664108
0.098497257356309  0.201221091342552  0.428225267917115
-0.471009574979126  0.036117710635373  -0.493916837063437
-0.293408280203003  0.240233026398073  0.439756393854273
-0.435552296245422  -0.112628837762311  0.273282582522130
0.496218933450860  -0.059901442689045  0.242051780594964
-0.125215806380851  -0.170497540096167  -0.335044191911458
-0.182015113361120  -0.175116751499755  -0.129225021140474
0.424278130198972  0.407055008378151  -0.044704290292482
-0.234041860367630  0.226641142363708  -0.314239348603472
0.022116761413964  -0.196838609975580  -0.495213766964406
0.195014839903212  -0.267525622504346  -0.322091705758968
-0.200122992570449  0.343805493536524  -0.045292128464377
-0.091670202769286  -0.374744375336530  -0.254829736136610
-0.142790814386779  0.381165656677480  0.495714157883257
-0.441433195309464  -0.369419839817982  0.449757465701070
-0.059991137284314  0.318503372613812  0.452899362550676
0.236749948426977  0.102225637315748  0.321422935954425
-0.465280873112088  0.345487709543701  0.128532153250358
-0.217076330838441  -0.262405646257620  0.325450595797636
-0.457474244007365  0.483583698282278  -0.123913724048595
0.405810720276102  0.102211551366176  0.412206250778469
-0.335564407623896  0.167410065385508  0.076295264948850
-0.325009154694910  -0.453064825983693  -0.021247113661274
0.335392655622220  -0.391767532964250  -0.313378363899463
0.485538202787279  0.082959900421568  -0.450078381622195
0.452584021027715  -0.447885752555085  0.240231087713105
0.497241122098971  -0.158382296629811  0.463597560561909
-0.178446748973303  0.345794599714301  -0.189118580569225
0.010298655492580  -0.142122614205991  0.448960775220546
-0.383819759980417  -0.353246332591900  0.173352625578648
-0.225957761440397  0.226254321406988  -0.388778966206323
0.395458557732615  0.219230549543007  -0.442798328177132
-0.406219653100509  -0.398103441202007  0.035752631564484
0.289400920297503  -0.308262364223153  -0.168240481447500
0.304151287689069  0.242259539359983  -0.098132806781745
0.264955527866910  0.337588662352765  -0.165719240776362
-0.401484069704388  -0.314521214102940  -0.233373892426727
-0.179849131585988  -0.351131546947910  -0.456321683560337
0.318230980504746  0.260403035590180  0.151359714466527
-0.420537257262705  -0.236961582937097  0.263433878074592
0.323730579525577  -0.255742728809443  -0.459568507470824
0.366796385570180  -0.263063153166589  -0.119635712753074
0.090805977686763  -0.443102899330987  0.096995616846931
0.266199653793536  -0.447962257286499  0.097767396668808
0.249141880659724  -0.479498808158141  -0.077402017313154
-0.244255264294076  -0.155574211283456  -0.074156304595056
0.086439479890838  0.406890495806262  0.203092907195314
0.316718803012653  0.376848860838492  0.202258004391135
0.158456509802383  -0.145293435042613  -0.198838439414025
