4.778224944356462  -1.823365960712814  0.474269313966032
4.882561335528451  -7.796376568832210  -1.172944256686007
-4.763454514413571  3.203541627973939  -0.745088223390585
4.704849788801717  3.757157220899769  -1.213087532782423
1.692557587420701  -7.793696672670928  1.272119932884192
4.746773448828516  -7.191330020481672  -0.902831332630694
4.832019943742453  -1.910171194258216  1.234951345478932
4.694653999877374  2.337477666043378  -0.585908284371174
4.722141100051582  -1.891681011467363  -2.637525070874637
-5.833039853671604  3.779251223902913  2.125565790003927
10.287642157821450  3.238001941136673  1.021124487813720
-5.850699828124007  2.912093780388370  0.896406722410728
4.709108516324548  2.220416397732703  0.801281116436844
2.297198235867218  3.217583986284962  0.955581949844451
-5.585011529510942  -7.805244909500945  -0.056887435821115
4.981393180395711  3.551531221922809  -0.724228445890106
-5.866063829386043  3.886869357936622  1.690775901056466
4.779333328059210  -1.898194666276826  0.997979473528747
-4.354550495923418  3.406779653697809  0.852629499735117
4.730910561959184  -7.483123918239641  0.535787884293610
3.896663975361601  -2.808284477243820  2.375951313888288
4.090097203331708  -2.112188287044737  0.824175090448291
-5.833746132730515  -1.840418888922874  2.638575866709300
4.644669425204835  0.772592895983754  0.507356334581663
4.765078432658680  3.850158501914080  -1.662985811496221
-8.118342394090737  3.853555828825649  0.041196243889005
-3.041338398421496  -7.990639881743559  -0.597454785322977
-7.397641717150320  3.751333258281596  -0.359563500203849
-6.038501933037234  -6.120286764497822  0.032280024032847
8.090847124688077  -13.379119304100140  -0.337550731831535
4.699835900618594  3.753948367390928  -2.293566788145409
4.648344700170377  2.787096621592368  -0.442501125577324
4.710236485539464  2.063700184067430  -0.391260528864012
-5.829144444902981  2.369733407866517  -2.223702537370411
6.021484992985184  -1.834550377581912  -2.637658106881683
5.252681491989985  3.940733522624740  -0.666413809097194
4.043780398834047  3.718843766693628  0.669984680087075
4.665365282050518  -7.898572278153974  1.201463130079568
-5.842004228685139  0.363114775398887  1.390760067399729
-6.210797502931458  4.411744789594879  0.870763991458937
1.940490487104525  1.660204270044902  1.234761415915741
-5.872907001950940  2.170377351604163  -2.798359524692093
4.418802169426387  0.666835234402786  -0.355171584774414
-5.927006188417890  3.227567660341696  -1.120901648942514
-2.291622748609090  -1.979034190688263  0.921506855105962
4.645382163474842  3.218065183348378  3.440091082653746
4.761558124394134  5.837599491106994  -1.081390598663245
-5.858123275953931  -7.792165160712124  -0.339302696415300
4.611837362104075  -1.895175373818212  -1.595392071543821
5.257064771634082  3.217101144648875  0.815197932693982
-5.832359570791618  3.526173076438723  0.868616256644106
-5.928243940189332  -7.787541938409200  0.874985781632900
4.675841502604973  3.600180838760589  0.831101055643922
4.710299055019301  2.395390863815122  0.806613906194639
4.580666300074420  -1.894782164108398  -1.006241332219163
-0.546454804281700  3.687786650863448  -1.336791557993658
4.714777151512188  1.834560397769148  -5.867294541439902
-5.902975928595599  -7.785978995863254  1.137724698282378
-5.837276526261010  -1.909641430557219  0.416090451198527
-5.824970963735065  -1.739516837822870  -1.184175495680466
-5.741061850612784  3.649934757004316  0.903196101136050
-5.611526307024890  3.590644168923415  0.493147662288111
4.899756249242019  3.755429006855811  -5.881245148859589
-7.041361706089669  3.774655922222868  0.645996782098912
4.186973620082056  6.707054651834449  0.864273189315875
4.551145861676087  -10.437992377377199  -1.907481343107531
4.651299646250322  3.725699503600700  -0.505619789046509
-5.837089291641335  3.915705103519976  -0.660155666454330
-5.834843904143275  -7.995830662642686  -0.282377716419211
-4.776124311548226  -1.915648871758099  -3.078693440521326
4.179954880656564  3.726341912681507  -1.794248929329280
-5.692860080658749  3.243042987386886  4.004733837696518
-9.963250461162628  -3.803693863870977  0.860749535713631
-7.189617301269492  4.829552133956925  -0.813829664324715
4.619338918396513  3.991482102934544  0.865681658923600
-5.984745388054248  -1.889510665275796  1.824124616740223
-3.905133925664409  -1.650708116788262  -0.520781692019855
-5.860384974199765  2.898479906869594  2.448017383603539
5.040115140562680  3.755825328104523  -0.718038862269118
-5.842967110235831  -7.810434375979677  1.585548592772697
-5.841743626337360  -1.921733452400257  -2.452499012356079
-5.842161454361895  3.291446711337478  0.819523519794155
1.163071942585121  3.752690155323460  -0.483495066429327
-15.431793571434271  -1.849767710863069  -1.342629820428999
-5.843585520599132  3.646647842407417  0.754987173916858
-5.839427954986453  2.816166527195234  2.150936422765885
0.905098331040063  2.507439764949457  -4.928623694839653
2.700198895059378  -1.903588249967810  -0.685526955084137
8.642732045907893  -8.132727701924216  0.810074059631094
-5.511364153308984  -7.709303644357766  2.897643819868714
5.798333382318971  -7.802174258336039  -0.651602135820498
-5.848249138245840  4.394307798567310  -0.342239486683144
-5.864228923256088  4.591946582443356  2.235787233020992
-3.500441299186776  -2.674077107007534  1.999107876776842
3.295695756642310  2.329928801242102  1.064096304521539
3.942527576926569  -1.975606141690793  0.751913530649415
-5.904855061719394  3.752249685020529  -1.741154471581530
7.480493086925271  3.752169883328359  0.440199171338384
3.638510695838054  -1.885116826235820  -0.712150971567284
-5.841709476422289  3.750634767808143  0.865768585719050
4.720552441007831  3.743418104192250  -0.719355900534411
-5.837465700268079  3.175117374178312  -0.676284873239091
-5.904547634992277  -2.085360386260150  -1.663570090287394
-5.840302707411303  6.934739439345800  0.838889683148207
-5.841381821696300  0.424372913098396  -1.045754583880503
-5.842918044336388  3.047307943355178  -0.153805175046207
-37.180995581353692  3.769977083653417  0.903205022586660
-6.492928252271732  3.713628117352451  -0.705541546623391
4.702772809566239  -7.738920278703437  0.833195650561661
-5.451476551937556  -7.800431105159170  -1.500467092708899
4.415438688698955  -7.798084318920682  0.965384236006838
4.616237934904128  1.185241348552356  0.553566380577903
-8.805202292492231  3.319879093711154  -0.313852779316561
9.597585977240385  3.216046750289905  0.849347792015216
2.839064514808824  3.700869939982532  0.808664494270688
4.781639709972951  7.306582362033777  -2.196398402509211
-6.817160266762079  3.220850871177582  -0.717159368566526
-5.851398287292490  3.754876351621122  1.769631335941734
6.204289235838217  -1.895085825498247  -0.079965928162295
5.366631929953645  3.708892247090443  -1.415368957070901
3.169825561908217  3.758856652545554  1.262643666909993
-8.479379769017273  -1.197111867099929  -2.033370656306840
4.676671478687569  3.217622642230151  -2.879189778555061
11.776062156335612  -1.893171166133235  -0.934399519673437
-5.766592984389850  -1.928917417363618  -1.054341305195751
4.732499212045162  -1.946393280673129  0.064107953990858
6.088506607694096  -1.886227780240342  4.543666122524026
-5.833840905647570  -6.161583435323077  0.864800216387594
-5.842357161479666  3.217828776654109  -0.523884715944750
-5.844417680353423  -1.886641574512165  -1.336479804387122
4.646043733250202  3.213972934718431  1.277392848740722
-5.838148103597324  3.393271805719207  0.857028164393625
3.134574535513968  -1.902314948610709  -0.703932591497172
-5.839998899320927  4.865890560326175  1.597925557199482
3.841869661030298  -7.794848571285432  3.736110379690065
-5.924315153604994  -0.983873547114979  -1.097405097557800
4.967041108437105  3.690337606199034  0.077985784804179
10.267395190449427  3.688754091971103  -0.376514218782609
4.734630882810617  -1.895273339318259  0.866618333264942
4.712287127698152  3.216903521852188  -1.764994919216190
4.643371939062129  3.229293460577765  0.617553037686037
-1.117778215461566  3.222828744872937  4.498866815892518
4.474121646797962  -1.902902392419676  -2.809461105257994
4.701166593208399  -1.986054164749620  2.648701640309874
4.656215867592794  3.702593161081154  -0.681024971163616
4.714034877996687  -1.935772017736851  2.836476717157606
5.987241731207135  4.025822600282980  2.692863956742227
-6.771319270126958  5.529054366433775  0.865954218455747
4.707826134127928  -1.893846658146584  0.510970300146859
4.674736398200445  3.803190925938347  -1.342241483104208
4.698049295139668  3.185290952835568  7.892409702148092
4.652677455573281  -6.866559856594221  0.839057253863429
4.645296386839977  3.220606137328680  0.190780239683421
6.762943808540729  -1.894065609634258  -3.654884394186768
4.709548728475947  3.217771444598236  4.109350257535128
-5.853198326273803  -1.838879002241485  -2.742520863338565
3.134711747813518  -1.902653798426072  2.452991736715205
4.840448990682941  3.743508902889874  2.453899025622932
4.702613762840794  4.837215293005734  2.428548347187616
-7.924174277569477  -7.784422848016255  -2.329827004071136
4.654191842843507  -1.860949835661402  -0.265840880319654
-5.838256268705826  -1.929434326358271  3.716493258981751
-5.834408468851674  -1.895991803739284  0.973128046785130
4.707161402386661  -1.591450504930916  0.908984965518906
-5.875195742542137  -0.344412574100139  3.348213543236086
4.787659290186831  3.229294752385521  2.558319725905563
4.900134428877528  -7.811618776513061  0.240279264194281
-5.965340874646402  -7.832649035648390  -0.333325158293412
-5.890752276557075  -1.590537132047187  0.921366757112753
-2.588106193348608  -7.903314426342781  0.766472413730416
5.418914614359293  3.579574690147103  0.863737269043470
-6.998044539712456  -7.929226896809451  -0.630654581423403
-5.852443193492691  3.231837770317232  -0.572177704067683
-5.815705113925035  -1.534236029443788  0.855601123486113
-5.854075955218407  -1.787067027711239  -1.540574776813228
3.457444570531356  -7.579012599318565  3.946244003955356
4.679510656015165  3.785674541591894  -1.326993880316016
5.013959294877467  7.273929028235640  0.999733845623523
-5.833519818468458  3.215966912432062  0.300048251191262
-5.835381821899895  -1.877559645605034  -0.901050625544089
-5.838350160140811  3.209124865347398  -2.930244483454437
2.062274494691847  3.771890602675066  -1.330243789621371
-5.855405196478588  -1.941283335072039  0.880124215961388
3.862808012001645  3.217310628733911  0.885365050822792
-5.842559528788216  -1.946267719253446  0.860512483286276
12.284031740514788  4.470227246157649  1.762462736756577
-5.772432759451323  3.899420174225590  1.952427099981807
4.862072128659753  -9.276167788470671  -0.721722381893498
5.239874655064931  -2.199632028629258  -0.647441435865097
-5.846835049260570  -1.874259169704191  -1.852977339938284
-5.863078960485915  2.571639430612439  -2.648675552715667
-3.404291006718441  -2.036354138475009  -0.528870580175771
8.356717063559158  -1.856462279782837  5.213228600172672
-5.840982741970143  2.675040904759574  0.843334069847735
-5.840969031230080  3.217507151001820  1.226236244974104
7.048235032054411  5.370396772189247  0.766312778225326
4.701528389896420  -7.384321525309769  -0.716885122359758
-5.791895515537403  -7.735178621316781  0.885523634578288
5.603146322678862  7.977243773700557  0.626057616472883
4.787786216206152  -7.335844597106342  -0.680848729200007
-4.064704112470975  4.070897819632220  0.816095748865060
4.222580482972507  3.202281007238334  -0.860874866288332
1.313901170769314  3.759950877239891  0.802549470611284
-0.476425742018113  3.215543053984976  1.532958995504956
-6.760651646119411  3.751973778613184  0.574860271727483
4.709816820844238  2.400100064732458  -0.790182568865711
4.110630204899234  -10.025435977413744  -7.830397939762306
-5.838693822892226  3.720320952658442  2.150381032450797
4.644631543333510  -1.978669729407222  -1.278836595128487
5.298200261586166  1.992212282905212  -0.723450425606890
-3.840318355117334  3.680485354260827  1.248249467390994
4.688068107233475  3.735862683159106  -0.061586632300475
4.713533036373143  3.419777739264269  2.051827038071154
-5.839645372625210  3.822994501318882  -0.706944502582624
4.665622659320227  -2.888256943191907  0.613122514769353
-5.836090916729542  3.128732868010577  -0.507422738651309
8.355101829997430  3.207320983308199  -0.698369071639948
4.751901394871378  3.135694822779304  -0.519073211745351
4.701597279635154  -1.949488208853734  -0.647720894044092
4.550862846832728  3.759260050830310  -0.638156122061061
-4.037188535241904  3.575646854576445  0.551242817545182
-5.230447117689010  3.609223074017243  0.906991902684280
4.706804330723370  -7.601229719824472  -0.685665922105968
4.598642236449357  3.736721509755791  -0.728679648724896
5.002882675910836  -7.851312231659836  -0.587228573260624
4.716980943254834  4.965563770652737  2.115900465728253
-5.838261562916014  -7.792515194341758  3.181396608615376
2.309581010236435  3.708093449345573  -1.218871656357077
9.948833602931529  -7.634820800108326  -2.364582789814395
-4.359616706708278  6.810123369515494  -0.003607721068496
4.505328239951151  3.682998447674256  -0.794404539293624
4.042972073235155  3.731599157551056  -3.408835022237321
4.700220071529513  -7.632641723716792  -2.024294265964148
-5.838107655501795  1.273000386595029  -0.825235384156130
4.415604717108563  3.700570891594289  1.028410237061236
-5.769836835071557  2.724533889750975  -11.696764131914700
-5.837947706122369  -7.975747377961142  -0.784905897043602
4.652473303913184  3.060497270308046  -0.619052011219254
-0.054485079975013  -10.269187220085852  -2.252630356533312
-6.001534910970935  -0.958678458794688  1.130039171823610
-5.832329068276260  -7.782700191700544  0.846789838598874
5.729442677591593  -2.381674911223751  -2.319738964112233
5.740032347936945  3.206391621960243  -5.102163937740999
4.730734567360577  3.849495335961492  0.184303978172402
4.876638643381544  -1.903556063194063  -0.241516810910932
4.516761650171531  -1.781040870547458  -0.619992926778440
-5.817713550430117  3.215935836949722  0.873421565115665
-6.023119841576475  1.611949966658770  1.649049845477286
8.136638016501644  2.792859390950932  2.507462088949704
1.587780026102966  -1.828339379940146  -1.820355714202562
5.051625155364159  -2.098568194799364  -0.583854957763335
-5.845112359040042  -7.804629573960452  -1.062505355588704
1.271048296997341  3.740396206682850  -0.989160931196437
1.321108595796761  -1.894735198324040  -0.440500064730967
-5.844308981165288  4.174781874191082  0.557690497149699
4.267565374427979  -7.802102947779224  -1.002871504281142
-6.404605901029526  -7.759901418879079  -0.679945643254720
-5.968697133215024  7.677818689997165  0.905700598245894
3.212342717377889  -7.792575856794369  -5.275884766761214
4.428740175043447  -2.006089028461222  -3.146185092328443
3.114253836785891  2.136907193338586  0.837817288578701
3.631696923458663  4.699060936080046  0.865457141058056
-5.837808907023254  1.888435046160420  -0.594292149703671
4.559994910436484  3.740461792131604  -6.099811557047774
-2.326088633027818  3.711623994802234  1.772692062169784
2.414268664998398  3.752706509574602  -2.732941004133090
-5.718217949647114  3.736138151638282  1.835790825626038
4.889624307566343  -7.813424620170794  -2.321636950322087
5.724344901294765  -7.700049457653085  -0.851630206278301
5.972715899197413  3.797909720179999  0.922372854820604
-5.843519970024937  -0.018165492877879  0.858646499905196
3.675664274630812  -2.262746837551389  -0.707164023209420
4.710216435785404  4.685387888818037  0.728688844601820
-5.328445356815552  -7.375912923347396  0.792928372255684
3.522713770064204  3.204919663016737  0.508505691494727
-5.863157574327998  3.217378977945673  0.635290524444600
-5.819856281736063  3.584966197165072  1.777476686797746
-5.865318440696635  2.545568076917077  -0.286951710868190
-5.804787150628647  -1.870604452563930  -0.685525428036502
4.624056967220466  3.746244581872215  3.157026606215765
3.113479142107346  -1.939185781345778  -0.391609762419206
-2.831776737365291  3.224393949044375  -0.545476962944664
-5.794568551987506  5.183332149699794  3.193860291854108
-5.831025122035437  -1.918058082111858  -3.383795660482292
4.641280773988335  3.772158141902592  -5.567426065093733
4.632167774314160  3.218215798876537  6.864409596776918
-7.998889442587820  3.853334842841114  0.878334595324589
4.729198598912233  3.217042200704603  2.000623180728298
-5.840398696842150  2.737273634602701  0.496962239142317
-5.844548848841126  6.259828341883399  -1.065249339831751
-5.843269843320856  -2.957455025630794  -0.928931991491222
-5.880241708640253  3.307035807952639  -0.706944072601526
1.152375644124513  3.217564984813649  -0.976083039400289
-5.901133196383727  3.617590973662803  -1.828830825786137
4.595915883881433  3.759127663029406  -0.954420870314252
-7.631342494991692  -8.575592766451237  2.188961077999805
9.947632163452042  3.747450136954230  -0.715721060802070
4.282344657789145  -7.771472569267178  -0.695541175405319
-5.418354284139077  5.226290520478826  -0.279591154592408
4.650328931120780  3.162152870432360  -1.292804383713084
-3.689982178301968  3.064558449944983  -0.688926751012903
-5.736827517774735  3.755120223430036  0.670931434377959
4.898096803867127  -1.869325020363710  1.457454714827056
4.706780934753763  3.145827541024836  1.054801500105534
-5.839131876169872  3.476115118705755  0.864889859412603
4.707176410786170  3.689646053501650  1.270618374197337
5.151273310550568  -7.805358413245888  -1.564673545334488
4.709473924799034  -18.209343054075582  -1.071095262860927
-5.870167175021575  3.217762163575433  3.035092126428908
4.651016037433433  3.604872863470963  1.843046369479085
4.676151848742576  -1.976513420526475  -0.708724425474576
-4.907060276278719  -18.927098598860276  -1.167092880534865
-5.842340904507237  -7.772517268606722  2.241069721003632
4.711737687661309  -1.976739233314428  4.283612305842968
-5.846836415044494  -2.044657200748790  1.116379750839416
-5.860636995343016  3.216338590287945  2.102480037501643
6.289226480520781  -1.339010794142223  -0.705448583655470
-5.848943787145833  3.162372680596466  -0.878135405627611
-5.834950759812122  1.870189864684355  -0.202301861134593
4.664187938388446  1.707473245259439  0.874342776948150
-5.835532660143371  -2.080280702768184  -0.692107560371474
3.250304438975097  1.781676883426362  -0.904945047750478
-5.838350894662594  -1.946614290465838  -0.563354514369468
4.700964497403493  5.674210159246569  1.088566446587433
-5.790686890539427  4.606069671166067  0.550740857012190
-1.323806614050247  -6.109190880645664  0.495297788255482
5.359241869482455  -1.824902842341187  -0.683513558198708
-5.669822305582176  2.837371648380698  -1.068492455102292
4.102112470503767  -7.803313101860466  0.488427276089821
-1.307341883540647  3.821723166075500  3.174442965309459
-5.811628296879943  1.601397963612653  -0.582127891510946
-0.354929186738254  -7.815987459741861  -0.939544995064132
-0.208878955003527  -2.334080024360984  -0.579910324981093
6.876541843399489  -0.911773509774348  -2.687568664870276
-7.374774133964047  -7.827434848096219  -1.998962101584072
5.198085056657717  -2.947352762130737  -0.731553102172078
3.132084556386053  -1.812931197453104  2.186036097565414
5.869187646339179  -7.836319786735045  -2.119033213129389
4.702305538794660  3.729395986729517  1.239965619975212
4.694476230527308  -1.895260581659860  3.434887390859553
4.125111014161205  -7.768524071969114  3.350155588858265
4.730238423022686  -1.934973884645930  -1.593911180608242
-5.831200793341226  -1.981103007503338  0.700587294448335
-5.767022975743906  4.791295746945766  -1.514475643966459
-5.582233319441093  0.158464191032918  0.812035110009724
3.113649557153039  2.421880828233845  -0.782025262203697
2.313401873847643  -7.938482292833656  -0.788432051765880
-5.834742965901008  1.135671081404638  -2.952688682664598
4.884723461597124  -2.007723035330057  -0.598418774132027
-2.145423647466858  3.084555636561472  -0.598714663931891
4.707597535532063  3.217636355065291  2.329296771093836
3.138659606499160  3.077961445277663  -2.981278623069804
3.897365027187798  3.164550211951042  0.803511391747576
-5.838080502708544  3.376518622029840  0.642042713229427
4.699751537215225  3.177302131624451  5.821924271730690
4.699276339480195  7.506543411909841  -0.831133750191640
-5.856596584519219  4.640563421194569  -1.596679948654850
-5.840250986823590  3.146991659985866  1.875709079313357
-4.199572877358404  3.709942008629154  2.365112601555275
-6.183861770919114  3.468114541002973  0.860122281173445
4.637276517985614  2.877058627264739  -0.569847100471355
8.099658491627842  3.217688349080177  -0.724368976659243
4.738075308742134  3.901551897061635  0.910245716404744
4.704735773416513  -1.908532366749520  0.567620910627150
-0.989846633570778  0.592928081588734  3.131329030529114
5.409279765517074  4.319297252631931  -0.721055638984354
5.263020946563214  -8.724081320600680  -0.443102338084528
-2.005876160726736  6.346424479710372  2.028060582497239
-5.889418203546644  3.217204736918272  -0.715938738804326
-5.905351403632602  2.035828603738332  -0.784095633761691
4.734945966747358  3.686915722271013  0.872990654642165
5.980336788486200  -2.335577249862457  -0.809308157958033
-5.841767981672660  -1.769479667864932  -0.663001482511692
3.294296838476568  -1.771477260112487  -0.894245707667687
-6.697295633977534  3.745674849071980  2.466018228921685
-5.833378011603370  -1.847515783363279  -0.195097405789562
5.132374893165917  4.490896932368353  -0.199906465846483
4.596423772327930  2.724824072288228  -0.780608785419218
-5.861971388547496  -3.399761861977078  -1.119345431347333
4.071089151521541  -7.649040173716509  -2.736523732579520
8.150360739467532  3.238908650463795  3.875608076546492
-5.826257919600592  3.736616558401226  1.029047454953176
5.010828028612152  3.219256586029295  1.050009427942330
4.678547215244102  -7.785907984946921  -0.579026196962613
5.946592687689717  -1.879253643153055  4.055420370619658
4.849642017962720  4.043582183908536  -3.076642716730855
-5.834543507697686  4.351034644600119  0.457310338132251
-1.902557864893440  -5.311521180865626  2.292482573932381
5.996999325816974  3.642340792456400  1.570380802686431
2.484252746934552  -7.925556794683588  0.863969524921724
-5.838695720254262  4.599495557864141  1.182147960226184
-1.037546779911600  -1.900028136362619  -1.400568120588992
0.739320568900316  -7.933443992222665  6.190965322848093
4.709200057266954  -5.140644437492499  3.778966450924461
-0.864324162219853  -1.894051701206842  0.900652010959295
7.945585886135709  -1.912562345011027  2.093370356326222
4.700710505266819  -3.487750974171298  6.040598718566034
-6.768376413020697  -1.914138354153993  -0.485192941540418
1.919619798171546  9.797811421756203  -2.270958551736158
-5.815228919962809  -1.896332215990447  0.896438883869768
4.697880915566813  3.737814533983508  0.243811535496254
4.698604198240155  -1.943960763131614  0.848348278840162
4.768317935515172  -1.896687465224944  -2.411469601501061
4.704343246369604  -1.851061921076520  -1.581137356992455
-6.100438948989835  -1.965005213763942  -1.158316447209534
-5.460477109146851  7.314224455823832  -5.189167202445407
4.085279596542705  -7.835885614653655  -1.949443845455481
-5.915024246745070  -3.937191808935856  -0.348981405119387
5.686093667528728  3.711541546751508  2.808162601381634
-22.477175112581889  3.396741903625092  -5.309277328084590
-5.625390347602738  -1.347994549345832  1.178640378236841
3.138295999612253  10.402553799689102  -2.568697343047376
-5.841474337214756  3.724083551562531  0.509541094380028
-5.917651870085646  3.736626937124079  0.599211361753469
4.304960244859716  -8.227498573014202  -0.464777670850557
-5.838105927734246  7.776242627677893  -0.696657978919277
1.331260129202488  -7.801326534931000  0.865325363164532
4.829035479502125  -1.903406263191431  -1.525699189552296
18.381946983904957  3.578873826186794  -1.798576669221430
-5.836372780040058  -8.870699924888854  -3.416294934914556
-5.848168870526825  3.204962642637997  -0.106870527822239
-5.841563540880600  3.738875858173253  -0.997353535960429
4.702535830400268  4.453358275185491  1.169272014391765
3.439827379773130  7.561812771983688  -6.187805321767294
4.674489945596934  -1.810885074200985  0.924289582495392
-5.907907916603584  6.732956783090381  -1.982370072517989
4.222444852154125  4.605046689962713  0.632377343438280
-5.818701485200456  -1.996636430137754  -0.683332539109624
4.564527750130772  3.741931812913903  7.888377701073146
-5.788606555981160  3.734660922117311  -0.352009907140180
-5.815751093373087  4.834903775423544  4.388922807280148
-6.617303898251825  3.215914121481535  -5.067399608147265
-9.399975554705518  -1.896092223560423  0.737547214940663
-5.561216968010563  -7.785778317293350  0.864773624844276
8.247788900626647  -7.792430137691576  0.769186344895612
5.249679610394302  -1.021306254347158  -2.850444673352336
-7.880466141278543  6.539665301121750  3.184815061020499
-5.849639133987406  3.217636800058797  -0.582130811622930
2.612282696124613  3.871996080285904  0.868032325249217
-14.111965560370196  -1.561953741492978  3.999214059920386
3.132714486146727  1.990126623620907  -0.664522967504625
5.075893920971808  -1.682924342701320  -5.221272688421460
-6.892651576654477  3.217307545839979  1.753019262744905
4.710380148832439  -2.034067019133591  -0.249394758891915
4.545981807565322  3.113925038389498  1.702044722346270
9.678573487917113  3.727487637486674  -2.238767382017286
0.483435650784560  3.217315701348119  -0.383491170227267
-5.846775414156789  3.744737419439972  -3.175003261126605
-1.306372575208514  3.065235159233737  0.721394692919117
14.585510275924332  3.216452803197874  -2.283249336556206
-5.838263690908166  3.708206886737612  0.899066616554648
4.729086956725714  -8.949639439543478  -3.055325549372329
1.854092629549259  2.205522308594859  -2.256929001768466
-9.268829948768696  -1.890160067567457  -1.769665069016598
4.671048169665695  -3.075105415112414  -1.628000054305345
4.580052856373059  1.401681969611263  -0.789214953279527
-3.328856517021559  -1.835824661104623  4.479625930362535
-5.864394323871044  -2.025253979566898  0.212080764810891
-5.787002351609168  -7.776782579357956  0.561566144331051
-0.793961685942791  -1.942565486092561  0.804336537150127
-5.875845491755064  1.644356039423566  -1.902801534398872
-6.906753221294775  -1.902440443912123  -2.963604475800855
-5.235501871717996  3.151559818807892  -5.627738060683521
4.847881524487022  3.532722173739284  0.846470468704852
4.697993052628166  3.707828877224437  -2.967944823089254
4.777648487099976  3.301331301324435  -0.573094079561249
5.062301847934410  -1.912685336304844  -1.722891101923797
-5.876656891096971  3.084058398994892  -0.807292446057283
4.514593621480072  3.982081886262529  -0.684718513239757
4.176690110079405  -1.933152899362634  -0.385326790881107
4.708591398362516  -1.892923052575365  -0.656476080728973
-0.105641302885758  3.634318582424531  -0.713952232884171
4.698370449195260  -1.804565983052645  -4.750166698267548
-5.858679936227659  -1.902709941439694  -1.531596816840253
1.283772699951717  -7.804883186500395  -1.007019114055360
3.652370885467194  -8.642180798462030  2.826378427795615
6.250513000015299  -2.112330655124504  -1.876210825690110
-5.251248933022914  -1.932141961237068  1.218036581773709
4.706343508899107  -1.705918412314775  -0.601448611828064
4.608431821856986  3.833956569834403  -5.070060662751133
-4.459834394044274  3.222677812644767  2.660966771224690
2.412740202627847  -1.914762695257331  -0.546185539458150
-6.469988491351972  3.001108496309695  -0.716771124799651
5.099976542019206  -7.770527293499060  -0.439729902780157
-5.844347559284439  3.486076210779685  -1.951247037269958
2.284348357938462  -1.857392854451658  1.573577119752681
3.849973262064181  -7.335168675953471  -0.579461593488820
-6.021300605294770  -1.896177376585005  0.691812668499797
-5.839505449578030  -7.904914363361200  -0.691928031293745
7.450541111336788  3.545697568611637  1.714749024573404
4.676137499437892  3.217764105329837  0.866571004006963
-5.852324731183868  5.357411034896061  0.817122352656578
0.429553413537146  3.869610131483198  -2.231956417432409
-5.861765908781356  5.160674956025590  0.801157119025400
-5.838320528769715  3.218240010511883  -2.077486109800383
4.706753396518841  3.719298671660154  -2.006478548660894
-9.663868501255324  -1.943672434615384  -0.716740646706312
4.620018490726231  3.218165327746350  -1.254632033896715
-5.833832037080573  3.410209359533444  -0.798553805275679
4.793600154956565  5.406127592100608  3.416415758160609
-5.815491558000311  -8.230112137609011  1.703933037129123
4.534064305761159  -1.777964948750142  1.660590043728869
-5.851287282247522  3.388234263220343  -0.420947987898018
-5.353723362731203  -1.944308014986864  -1.387243635980881
-5.771582925996804  3.765418638108848  0.818295530135115
-6.837595133369763  -0.112332836148351  -5.847701009746455
5.495854481848171  3.720143701781405  -1.647513841094703
0.585449440889044  3.727341178082735  -0.623601034155506
4.698680858768393  1.771453159377385  -3.111922435528843
-5.954054527476130  2.956687426956897  1.050841443474670
-5.153076889957421  -7.774453676370349  0.787872212245250
-5.947502824193282  3.663779588440806  -0.689122767363518
-8.617432113403723  1.477827114481876  -0.875490186187721
-5.836864454369017  3.217788306071231  -0.617276537051935
-5.850139387972203  -1.895274862555345  2.339662315021815
-8.191938219371114  -1.528503154688540  0.521728455604505
4.590872468187195  2.422953388925122  -2.760940872500255
4.711647875452988  -7.725403701996740  -5.620823117663951
-5.874286601049149  -1.914867031056514  1.902611133148797
-5.839012129106147  -0.610649346548654  3.046226231115098
-5.948475360624108  3.194470961843220  0.811409523523730
-5.836534451120657  2.621655923160066  -0.654902763531563
-6.238346173668162  3.829817733259168  -1.521713190484102
-5.945361406784092  3.745554488446085  1.144067829295417
4.760452766817502  3.883082428617139  2.215011656569389
-5.814672935642144  3.729125662206689  -0.705771228888505
4.698408734768747  3.221025539805549  -5.310000915336031
0.046980277858664  6.108168471536926  -0.094595837744158
-6.141692262505284  0.723232313134617  -0.728342219684371
-5.837728995087716  -0.957670949632233  0.811280262197252
-11.801596689093229  3.736931233534368  -0.620433574599881
-5.841807227044448  3.336451127166700  0.317375539224611
4.673504254018298  -1.915264647900438  -3.294576422029844
5.185838613606348  -1.920495978132455  -0.825694153147740
-5.845303167797783  -8.458459123943957  -1.725977165856548
4.436101983616793  -1.913701460134202  1.524882716930356
4.702136936609969  7.246402725310609  -0.422720569490320
4.307213234667455  5.732243482314773  -2.605045748846452
-5.847043760352192  3.219110025228261  -2.377153893618043
4.752112744040013  -1.412981020274286  4.647481331117102
-5.924326053209955  3.216867452991701  -4.915909426709804
4.858575113660867  3.781297843032041  -1.190151064021349
-5.705311064686805  -2.629436431106673  -1.171339933920073
-5.656233797641557  4.238512612730086  -1.104133689530932
4.710446298448011  3.137411548814126  0.827252653402850
4.791026635915536  5.242621950399824  -0.096722377081281
-5.861583151643812  3.745314366385743  1.377724425823351
4.706110555009666  3.216844804679852  -0.697030215396149
-5.838304773954321  3.319154169756469  3.219565118422561
4.698212009648078  3.217347876582392  0.830263220028083
-5.847734857768508  -1.896490939528481  -0.696531397121761
4.722255931879612  -1.279883471385498  -0.717393249133237
-6.818345920421532  3.696033367716332  2.480240311040637
-6.730301179540467  -7.794920815169887  -0.268343467808509
-5.348102879005021  3.217765777184784  -0.671342759613103
-8.302385633511678  2.566545234591160  0.101579220195503
7.439423551127288  -8.382244463354178  -4.116256755340704
4.707259453847104  3.584612809917397  -1.267484670643270
-5.845285623493744  -7.734084120534154  -0.756023745031547
-6.157838096522237  3.723456396666240  1.050827648892134
-6.353643045863414  1.257522010203414  0.795163845436400
4.657681880279386  -1.775851349987849  0.858441561486876
14.436997655198095  -1.901730483085392  0.905433628405893
4.496604680591524  3.641277221298232  -0.898320542864617
-5.846079974204697  -1.899184846693459  -0.813117739182239
-8.092604648530530  2.157380238320810  1.827531899798559
3.887051727489598  -1.894463207732946  -3.226769449397505
5.276158327761664  3.849724961177467  2.432311012689789
3.514236473347933  4.222681119766026  3.463212512436589
4.620028681918478  -1.917856621716381  -0.819041571211415
6.935419115545120  3.028979362969731  1.345041948997539
-5.841018190227808  -1.907665964679159  -0.689919726672500
6.731697460662222  -1.861291436298399  -0.847624067761227
-5.841678423487385  3.568308774121461  6.259288716226852
-2.845954610539759  -1.902415861299508  0.932568667367115
4.499517821911075  -1.912063876204463  -2.747117889705456
4.086876490211989  -7.601948877585671  1.302718635683559
-10.070621068266561  -1.584229400357030  -0.725630255211751
-7.142393120981106  -8.515310633851692  5.727140597869605
-4.931731014288949  0.967372817116406  -0.276929636197828
4.605954365503825  3.521810999221033  -2.903458368499352
-4.841686612251079  -7.804665153221766  1.863446402248832
4.363584560215103  -1.558189181168065  2.654414534658635
6.352973570699974  -1.912466513696216  -1.499696209739566
1.859116965596726  8.845651135914371  -0.734569724960458
4.705816030068903  1.235315422270492  -0.419110517409143
5.748981248767834  3.715681202942892  -3.263247851444438
4.109588234784581  -8.122601101452124  0.869599398250480
-5.902231465509664  -7.873726025521308  0.752794572330584
-6.619457600026251  2.552102762319258  0.822024978032051
1.184913187161440  3.738483177691097  4.367196720036788
-5.828292991014941  3.142210079742096  5.978284218112257
4.814396467893476  -2.483481496213050  -0.738052047637965
4.582650131003722  3.217841307450076  -7.662764549195444
-5.830431333202393  -1.861913137722904  -2.239681560108110
-1.313715511337859  3.360039755576192  0.024123165524784
-11.322324128820403  -7.804993333425913  2.347048485903706
-5.802037225187007  -1.839349615839060  -2.125950811290310
7.010037167569412  -1.822371440249615  -0.990205826837860
-5.784500418137633  -0.738858345966505  1.939602430388116
4.624938580224798  3.759583156843609  -0.939150196833073
-5.853372139862214  3.217657756605363  6.202697589772547
-5.961728587118355  3.600016769965586  -0.705595097981216
-5.837565314083687  -1.889676312516974  -0.674994489522758
-6.363866677627935  3.107178443923052  -2.389604247481409
-5.841524881724907  3.859953969941915  3.733184746552457
-5.829454472561896  3.631088958850926  -1.956875611404309
-8.203164814304900  -7.816735426232794  -0.606532713047952
4.722185982782367  -1.663350134243146  0.835490118822924
-5.894801079267673  -7.787026782518240  4.301124161528785
-5.245029686106723  3.690531594037991  1.843783744319365
8.290072140987686  -1.888718873471403  -0.961451685826880
-5.841705346000339  -0.711151719653743  -2.181740203235754
-5.843000419577415  -7.750208759833167  1.947976133335171
-5.772648488791833  4.733741685814331  0.657375733421427
-0.017698434714311  3.219184402542817  4.078013775002762
1.656713414846628  5.618709292784704  -0.648990401461806
-5.835062092847247  3.818180044820512  -2.692165865619125
4.603726000756963  4.466389176415852  0.873226617477399
-5.827504924297757  3.810804061303843  -1.235056050332041
-5.896570875425718  3.738726640361587  -0.927828357944651
5.006054538558981  2.830481784875660  1.052072358243407
4.712724075589939  5.424882122742249  -0.462217986304092
-5.840207055156970  -1.098404246445275  1.587654587346995
4.712164105157502  -1.879740641966299  -0.547302218072041
-4.270879613396715  0.106102025866943  1.577058814999132
-5.827969490310126  -1.896096233440043  0.662314800729829
2.773819607772033  -1.968590189227299  -0.880598649907348
4.701053703167866  -1.899792652991857  -0.998713627141710
4.196781681299718  3.204042975117314  -0.578343378154990
8.928740469422367  -7.864987793113125  0.242882230125437
4.638283297494380  5.192235268790269  -0.929771530728634
4.308582789998190  7.097973564498869  0.948649607010265
17.810264598429253  2.550402191805109  -0.692422219551292
-5.640951074838237  2.044383271427239  -1.125634542598131
-5.838002298840085  6.249252025683981  1.466023417834764
1.571734875998361  3.211254400662065  -5.935389617150852
4.614939080411277  3.085285549461112  -2.454012482161273
4.661699846039450  -7.866253618618624  3.900881765813729
-5.842919075488250  3.217521363201737  -4.578043490035036
4.630992591571670  3.033673560581199  0.831453206377956
-5.831954872047252  -7.791693643515965  0.814367299194583
4.711120709002096  2.802659082953989  0.527917372737349
-5.840948196203609  4.407999517362459  -0.903142556876024
4.662037147220668  -1.878536115657151  3.302813573929688
-5.860197439807419  3.279679377339160  5.100616544607085
-5.840011760006734  4.437601165656292  -2.987121653469516
-5.845749019381839  2.751463237039355  2.223585967970982
-5.846563697200566  -7.958932721520314  -0.243590396361945
4.504176176387046  -7.790316237925686  -0.758078982603361
-5.833842370114083  3.743801993751825  -2.649815957550636
7.133671406792494  -1.842834545323700  1.520462156844710
-0.625366496373368  3.224201825261606  0.516587840464196
-7.934442816765513  3.744345502438537  -6.234185943930640
-2.747436086819334  3.750684369616637  -1.373740621798141
5.395605126390875  3.692670055492078  2.557412482540692
4.707225086083666  -1.889518557263313  3.664121600768636
4.557860788439960  -1.860980110933391  0.760722253064930
-5.805603426101982  3.829429564893803  -0.006096093286157
4.710445444430900  -7.796982111601090  3.498313048863345
0.762871519076806  -1.951691235013115  -2.156026930766163
4.932977996922475  -7.775105003473038  0.758342913371106
3.757755360377331  3.892129004853792  0.007525582250212
4.417004466454819  3.756431442634566  -2.690729505257512
5.377110904161480  -2.020215204928884  0.942677016034353
4.329363007349686  -7.772503152035195  1.539560189349727
4.961891855640922  1.396283407640706  1.426016736123088
-4.564840609934320  0.542266189730357  -1.122881052646384
6.125341175071592  3.730799963759799  -0.833617394781400
4.577856035021020  -1.866246111744952  0.855517851443194
4.829731644109908  3.183633279994210  0.288169433531070
-5.839548262934738  -1.417834349339685  -0.343352650146132
-5.840098837276096  3.226635557149673  -0.701386331271330
-5.840400102209090  -1.891493126153382  -0.455186648957778
5.988089137620524  -1.945967307578361  -0.311993544276229
4.137175429621926  4.760287551104284  3.566837378418328
-5.837396607706883  3.774117381064063  -0.221681371050299
-6.291573827734880  1.022235518884612  3.650556599130225
4.649360199956230  3.254063409450981  -1.935725321018455
-5.826803394659025  3.758479720411802  0.814239995573457
7.675572478163133  -8.012649472477253  4.472620242460682
-5.894594711537558  3.757458977928670  -0.955352106353908
4.700563590305872  -1.671186591799452  0.770372126503013
4.702454945339491  3.652518564503036  1.950311682569868
4.742488097326969  -1.885701026272750  5.800072978824648
4.703602717800896  3.217074164374860  -1.085054365807520
-5.841692639351576  -1.845083038643140  1.808568134549193
-5.747834695325670  3.218244253410778  -0.377537577029678
4.649940172178046  -1.908531493892763  -0.638305291336881
-5.844760040475041  2.990458898336928  -0.950572995351113
-5.834708414166124  3.696512639171734  0.068809966897396
-8.218585939202327  4.274244494824852  -1.614867823127828
-5.725860865454440  0.655089073816472  0.358040022916111
-5.842022756223638  3.722076174522896  1.441719759210177
-7.241153915530290  3.217578279268135  -0.658184000106988
-5.857772484607015  3.490617062649902  -0.684308039959241
-6.510875916912208  3.207682640350662  -3.157868048335652
5.813349044605771  3.216266932868459  3.797115888705525
-5.843402367224141  3.217135908716392  -2.670180096145168
4.718275728935759  5.244908317581938  -0.713671881431067
5.840128224557676  3.509900999958227  -0.694136775721320
4.666428642217405  3.640452848196342  0.855058066791756
-4.750780311665580  -1.972036554642969  -0.731666074672487
5.635884717074555  3.276666143699972  2.126493657203469
4.977541597614136  -1.942353200187661  -0.264410677928615
4.070060568347007  -1.923736519889468  -5.418981315722415
6.771642797890496  -1.928112741607094  -3.593828154477663
4.467709927100966  -5.013437598215095  -0.777478316126860
4.842466729120058  1.092093872315346  0.877620920735478
-5.838256579593851  -7.860816029481898  1.641154309216565
-5.841677377314575  -7.793534467416800  -0.330720662610644
-5.855997959473735  -7.794628317693073  2.182393521838674
-2.668567510663167  -8.067464971542723  -0.801295225592823
-5.863731561837062  3.207664271673322  -0.273643144892150
-5.731624923850315  -7.986112379933148  -0.428056857786693
-5.849695271019374  3.691425911203091  0.374023186302573
-5.776359377392317  6.090798319586822  -1.016548146303175
9.071901095947494  3.602173197787699  3.984912658635384
4.184972449263135  2.889122622455264  -0.548521558794981
-2.628088906084927  3.779950839420498  1.667860739878204
5.005208523331306  5.475703605649294  -2.173192475406796
-5.843770743443794  3.191203097087566  -0.707207899126263
-5.695719858262174  -1.968882546470151  0.749994367265366
-5.841700898659555  3.581602168240780  0.873833905502561
4.715860542559125  3.850649498035892  1.122542904288378
4.591267751478568  -8.183800578293123  -0.656043672570475
4.673693540096305  -9.984632684105833  0.874338402401724
-5.842261236251360  3.708054992726765  -0.595413888582381
3.937592286912219  4.289079762135418  -0.768753062199545
-8.050505130589848  3.585111898494589  1.185432515572172
4.635118693918080  3.217838836992063  -2.696590022987460
-18.152660787707827  -1.850336774490911  1.968136275468410
-10.651002433187253  3.217839853867309  0.619226516138298
-5.859339320115668  -1.642918120478529  -1.211227966637442
-5.797322037226293  3.731050079920140  -0.005406214576603
-5.922502278985896  -7.853304082377134  2.565922016788619
-5.841740702181890  4.957413568472244  -4.984876760055539
4.701272858398906  8.240282770782960  -0.490884439039536
4.448162756063200  -2.245620486744455  -0.542491175347865
-5.749099260189500  4.146532350572724  0.891927123551843
4.702371016330727  7.301025686671082  -0.884429254891579
4.833474318784143  -2.632363082978337  -2.830869671469023
4.690206290947226  3.732580835769165  1.807815626966248
-5.833902360593735  3.259151799236529  -0.466892590037808
-8.262120514363088  -7.748158573777500  -0.914498592823419
-6.533707463321121  -2.103523306601135  0.739997899258646
-5.841548239533658  3.217602134687197  -1.103388767749004
-5.838386650968579  3.302989943209867  0.971544414500636
2.070920199341193  3.063071370592469  0.860367977505505
3.341995932851968  3.688744535747229  0.149275414001329
4.563893857681314  3.183721747168520  0.802156840117780
-5.944937724132989  4.917558501235173  -3.312658383871847
-5.904919961824798  2.061234761235720  0.779049885532608
5.760517451676873  3.693185840584200  3.605625351387501
4.709088193083250  1.942695771641183  -0.784972006377235
4.759243225793926  -1.921586617446136  -2.256587134410088
4.801709449090052  5.164595606635690  -1.388843452494538
3.165404565813517  9.086085850331189  3.118189337357274
4.701325201814650  2.887118706226921  -0.501310628665426
-2.987360979181128  3.364236677978610  0.850214100245930
4.700975506313607  3.726013187747491  -0.698543284643671
6.460571601837440  -7.809280980738779  -1.196604292487219
-7.092856000612611  -1.762754603266848  0.866544187954730
0.156229021596431  3.217596260442001  -0.709073337580075
-5.901749168571899  2.456453490581561  2.145924105934194
4.122585854810597  3.130729159523064  0.988353534373441
4.596379148426303  -1.894297492017222  2.830952686500018
4.229694837168427  -7.862006394152003  0.886307177348681
4.969917924789298  2.141742512897296  3.790429217765710
-2.229953279271857  3.215439634024443  0.868909949035272
4.632261875238465  -7.791785362287688  1.278495041862289
-5.832512160014983  -7.769168734503208  -0.821982048883095
-5.841770587134405  -1.974538967801367  -0.051133492307524
-6.723280583738704  1.619263443655997  -0.734576814424903
-5.840086551294535  3.738532972636810  -3.700321157474942
6.889431408414059  5.067435419457439  -3.941633504032992
4.707921837599579  -2.214851658840155  -0.707047917303576
-5.815763114126461  -1.860841041529913  -0.573414218487059
-4.753437337958310  5.455677362445861  -0.688432013706071
-5.847116000091585  3.687909090863066  -2.128121925959026
4.395679943718878  -1.925147211559840  0.718004937940445
3.532811814300111  3.854891388805617  -2.205263839618765
-5.837820419804238  3.536900128147875  0.853299896926596
-5.003792473854480  -1.903811590325488  0.839899829729170
4.707104742353076  3.679188311131434  -2.552709087677707
4.770807539689407  -7.793673113217658  -4.715557166468933
6.706656570406874  3.630895332945419  -0.758261032806003
4.557428672668022  3.775347536036917  0.714322180851103
3.727306998741391  -1.497576680848727  -0.669757243968943
1.443571132651078  3.217207156179402  0.346325170628334
-5.847399863183679  -1.907849879290303  -0.295379191511378
4.807124362434838  2.504527901970395  0.866613310658085
-4.250791965519260  -7.471094317043211  -1.878220127531417
4.770474596084205  -1.916352773267376  0.864362613574093
-5.839829923320609  3.217945724179198  -0.531082279009323
-5.715707315117395  3.216965337800609  -0.115442868603841
-5.836907156042161  3.217321259935849  0.929468054990078
4.661300461854117  3.225387892005646  -0.674709884359564
-12.086359173870127  -1.981778091319423  -1.041118252798024
-5.839863892081491  3.117149613020678  -0.976964738816805
-5.839935849966518  3.211328982431608  -3.410673257390371
-5.822169471332726  3.691757741703114  -0.290199087386696
3.130357584142009  -0.755134759994831  -0.669053091950643
-1.144862035650375  -7.755246807492169  -1.256469294359052
-10.353979005697299  3.239466481491598  0.723281381924431
0.229470312555145  -2.122417242771348  2.501672666876085
4.597692536059608  3.465195584696310  -1.129026791528405
4.643548446651995  1.310829641953839  -1.280229555954795
4.906459510319595  1.559925186380857  -2.910097494276939
4.941995382118757  -1.877974657234637  -0.484463112432252
-6.207069914012062  -7.805238199531669  2.821309124270919
-9.769862967403309  -7.969167275198165  -1.559841312598998
4.685398181503698  1.736333907665832  -0.747356421276652
4.698221504280017  3.766611581020147  1.870411503253540
5.732880270967182  -7.878988861028130  -1.153592167034357
-5.937488796168427  3.595001205244101  0.066991204897595
4.643538921357617  -1.885599426508759  -0.718651223082970
4.727526575873151  2.713189540252634  -0.888623428071135
-7.426819556611356  -12.148834644292043  0.624994750688644
-5.831883603493615  -1.873339288885360  -0.850082136738150
6.184143637352708  3.108505625725020  2.445306612575587
4.872079689080496  -7.765200680741177  -0.953508555673994
13.463805508017971  -2.209337498755032  -0.707324914133788
-16.639835232381419  -7.903683050585498  2.242143555325165
4.700694089505313  2.237500756986583  0.855752440798111
-5.852856810133860  2.784822631862066  -1.028486545529673
-5.782452520775856  -8.292498434125980  4.026993908690559
-5.842197667428585  3.355909633100033  -2.838422725748157
4.452354493946304  4.552681042796704  -2.286516235448025
4.710781439778426  4.235354898635816  -0.715736134982818
4.068472171051647  -7.748859685674621  2.382345370451124
4.800464393589330  -1.897696016007694  0.947723861793726
-5.837234355872767  3.509342796508544  -2.218784851569134
-4.560931795899899  -1.894410894659492  5.711433496713151
4.714212733807882  10.482824935194854  3.860121474755664
-5.847326225369959  3.552814521114742  0.123795590538303
4.825715326325115  1.769371379924151  -0.569057571932492
4.713609826053361  5.322870402212478  1.007817227454626
-5.841148752786479  -3.701718115507872  -4.255807655543039
7.949636131472291  -7.872784095181002  -3.155108025896975
7.638147177833714  -1.865407120608517  0.857090520431398
4.539290545010269  -7.786599140015774  -1.780037137418664
-3.383077874482077  -7.792746700631922  0.826302567600962
-8.455990696677762  5.609396069960839  -0.720515147552121
4.407347048488552  -8.220491958944978  -0.659715876846397
15.625740645859716  3.217503794471575  -0.794728283321946
4.705289398622602  1.403647297308741  2.909339799957465
-5.829072777654012  3.911743402472236  0.222819372592026
-5.881792761976838  3.651201332387898  -0.728608396241924
2.629465333628630  -1.855160422646747  -0.406220773280327
4.751292273462475  3.677825133322016  0.793583413906215
5.990943556952302  -1.780225551228141  -0.717516990771279
4.492230088455648  3.198353602368360  -2.352309423063828
-7.383497516624172  3.371936986896495  -0.345428637757782
-5.843015225432126  -2.018118194723791  -0.273485101834194
-3.548428410986836  2.207279143384941  0.866538687620333
3.673435629027370  3.737427925876037  -0.174527021470778
-5.841190851538260  4.370628192924175  -0.723315980352269
4.637988791248538  -1.865113928710808  -0.467716619101676
1.463920226109557  3.766437490168195  0.874608556529520
5.138236861034636  -1.888494755309253  0.838528611125792
-5.788835922174128  3.617598833598834  6.852982004375008
-5.841542483602931  2.803205218821117  2.848096068045679
-5.843315918616566  -1.840680086421230  2.636328398974714
4.707893392694744  -7.793688642354837  -0.239113561576722
-5.915838709371048  3.732384754364504  -1.959007312225209
-0.478386293477557  3.787486389605489  -3.054579604224458
-5.838440764575155  -1.919493035953096  -0.821639815485596
0.293578668921154  -2.014785157717771  1.876070777543155
-5.732729377666888  -1.940164411960010  1.633730771188245
4.661018404644546  4.722082730953779  -0.446761452523951
4.731984359789612  -12.981117035477498  1.301155664716187
4.700850184947153  -7.995038003354031  -0.746967019715114
4.716593148250523  3.217153541005695  -0.682895660067930
-7.111186879447690  8.935456790839787  -3.387455609528577
-5.849348718205223  3.721375827716566  2.259783021033683
3.754087315951559  11.617602427255838  -5.732929325716855
4.699798873258895  0.806987608747550  -5.880222798512747
4.600065152660261  3.582947985137747  -1.174886761189776
-5.836688630336688  -1.480945608703440  0.875033649076339
2.991643804327974  -7.576202917499187  -0.368709907911584
-5.842069534332505  3.097853906216023  1.067582400683067
6.089300483365853  3.204181782509604  -0.710448894690618
-5.877932278190576  -7.789248283705953  -0.950745057342459
4.743196935395082  -2.000056964747427  0.717734099536360
4.704385861670568  -5.185521866678395  1.825299935293533
-7.738263063636937  -7.794387645079627  -0.041421101624834
4.743808394104120  -0.910516765342218  -3.765200003064124
4.706263724613828  3.217719786367310  1.337553602272093
-5.869997148160992  -1.894138605559651  -9.789067236949686
4.625626102068234  0.425000250836219  2.079598886846760
4.695874115564560  3.840507386749863  -0.710090704220404
4.707175196021106  -2.076846737719945  -0.739155691744894
6.452960730768553  3.350531446540270  -3.542377334665856
3.642500002625832  3.572495631364718  4.790630879009265
-5.845374920761096  2.938557434263651  4.241972659456551
-5.464758148145893  -7.779537293117576  0.870010739912317
4.785455474371991  3.757265850612325  0.046335731525950
5.028608735461513  3.781196956141468  -0.573037404448665
4.849033550986150  2.994068002996576  1.017997294954922
-5.824058401207887  3.811255851956559  -0.721503322918064
3.134581606263533  3.237166127680741  -0.113895711040966
-5.834924721963748  3.216874373835541  -2.074159789750202
12.248294588537302  -7.798227138032604  3.531262655547676
-5.823163125137287  -7.938635066702755  2.075597253754440
4.803882728541705  6.572527708424238  0.836990961019496
-5.823798712282613  -7.809066870778576  -0.660813867957158
-6.379107172077523  -1.866339305469395  0.835777015965164
5.125344159621265  4.287310361480306  -0.686063487731066
-5.841496099974101  -1.949372612256640  -0.962317947591513
-5.852350023831179  -1.609895956653284  -2.056750913485636
-5.841691225532644  6.575388294295092  -1.025847858644251
-5.838839651488855  3.217965052739182  -3.790913120679599
4.767907637446406  4.506644335494244  0.215704523596578
4.532186056555215  -8.225831797476264  -1.817404530274299
4.320916021785834  -2.290160499239157  -0.228594909640519
-5.837748824157115  -7.772031957779789  2.312654994601498
4.696019182240840  3.217793411526018  0.035535961557175
-5.838145857445284  3.216883414050517  -0.112820415723324
3.775043619436282  3.735970166209798  7.894641505718227
0.138515946531768  -1.890932126347475  -0.726730560968494
-0.268766289133204  3.217749754783292  0.435278605400185
4.697686115579681  2.785847592876765  1.001322123875583
-6.649227863470440  -1.763474961938321  -0.990386321299541
-6.659462843687452  -7.811736905707574  -1.066015267010845
4.842039679978930  -10.234531802940118  1.153778229180588
4.858785373974372  3.228162323591981  -2.049407328822332
6.426621719967840  4.758559836062173  -0.770914259095730
5.363100164418251  3.709942717825405  -0.425768135845101
4.440631449507179  -7.812431198363470  0.380100930790924
4.518696838792223  3.369255888409122  2.584635501047996
4.669724521726511  -1.957476068308270  -0.694759364288446
4.602156925610137  3.207378225716270  -3.326985507826564
-7.579390003194320  3.691324980786128  2.363436514705500
4.047947357881166  4.571062624077633  -0.363462263879263
7.814898322415004  -2.305874551704980  -2.208012807959853
4.755895630840448  6.808595530396280  -0.706947260959946
-5.858683987244142  1.341614855200243  3.402581754696944
4.700559736281015  3.303049581133474  0.714287839586403
-5.892479247079136  -1.893524544842666  1.080833416637826
-5.842804652217374  -2.100131064049182  -0.072616123010105
-5.117307610694318  3.632390480312937  1.037688500862984
4.701988441978846  1.757492979417455  0.225766876431157
4.710449043239355  -7.797932525545901  -0.510963578323241
14.497974901721683  3.807915114879957  0.833761556727502
-2.242034823909674  -7.763477766597335  0.176471516181314
-5.839987366754436  -7.785831240369502  -0.550716800238378
-5.823395971483704  3.335984593654440  -1.569927561452469
5.678910484887156  3.712771311616505  0.839095422941422
-4.161639420680769  2.789720227622227  0.004414700107273
13.552921856862277  -1.907007632232270  0.273241028915787
2.615296877591243  3.127292368088778  -0.478940426042864
3.528761656156092  3.973570131874271  -2.234817110815268
-5.845298195508846  -8.432131016417269  -0.476379167733311
-5.633766934847124  3.448626336843410  -0.623472218328340
4.785720549669351  -7.939800286393468  -0.856119911978141
-5.681519326003384  3.736101603960893  0.864618934911440
-5.837796790612379  3.751768096591079  -2.046813858158511
4.765892288633694  -1.891583033520486  -2.173766267264152
-5.838059818032551  -3.143659630131166  0.832485389912135
6.473047646287077  1.395581432533592  -2.402014761293040
8.698745728530396  -7.797354635379975  0.844984534119305
-5.837152677550577  -1.791316282267180  1.275303544335532
-5.169852956762753  -7.918226691548135  0.853176736519525
-6.892768490873385  -1.869149771804024  -0.695281961846601
-5.775188773321910  -7.694149485272993  -0.810674529753142
0.054581922840845  -1.796716707743482  -0.632393763973070
4.574469903224108  3.221919547356641  6.453946525182522
6.250018063471188  -2.062264225010152  1.965577341217522
-5.828636372049213  -7.757223589876387  -11.059847529207476
6.030834448586074  -2.051232279376678  -0.826659788264040
4.746393336722703  3.214514201843903  -0.714595386500314
-5.840353956556060  3.216600844795050  2.457908292174199
-5.829754047463591  3.786575459376088  -1.969818083512749
4.703371562085849  3.726873727121023  -0.359331134409089
4.653119447403998  3.200928832218684  1.001393677055334
4.280889801780699  3.748137505420435  -0.473313763104278
4.575608096299840  3.735306005097393  -0.847563338137514
-5.831883822685437  -1.705411744161491  2.529482795879408
3.112020701056947  3.800859419467354  -0.279240944291128
-5.707130639891730  -7.799292137294499  1.252930107882686
-5.842312054345177  3.085866432346600  0.364680923695527
4.726872946041476  6.968874990353666  1.159614121802156
-5.959360404844444  4.666546761958899  0.288704340910514
4.702719088642865  -7.732834391648449  -2.645586402814705
4.701352463744761  -9.560459460965129  -1.201223947279960
4.711276413783170  -0.740636170544718  -1.815932911459791
-5.861769429876704  -8.642826108224016  0.843572550403336
-5.832274673148202  -7.771649020507168  0.881541570026815
4.710573833852098  -2.311531038782059  -0.408494168577745
-5.984952887410955  -9.783951476094920  -0.707185100387186
4.707349944084153  -7.881597234643572  0.889025525612957
4.702206611380929  -7.786243922035045  2.906398132976535
-5.108645056787959  3.698914943508491  0.660214242960920
4.712029760221787  3.749603804714010  -1.501018400958745
4.681186843361155  3.649632491713560  -0.710932589462257
-5.843508145980759  3.750045967841992  -0.836487776662788
2.389380901382206  -1.892460577077084  4.539438608900384
4.708071947789739  -1.897971958682708  -3.052291315439571
4.624084328890676  3.727440791509004  0.318861671118893
